2.47064 0.0801253 3.07794
1.81708 0.184743 2.50235
2.2663 1.05081 2.01658
1.74213 0.390604 1.96862
5.85554 3.44441 6.14174
5.88393 3.60002 6.07791
1.52081 1.13094 1.54726
1.20581 1.24954 1.44432
2.0821 0.0414271 3.06785
1.54543 0.172229 1.42598
1.61522 0.0933228 2.01424
0.332612 5.20076 5.70667
0.554319 5.00727 5.16852
0.325244 5.02945 5.48413
0.382574 4.80766 4.94555
2.46853 1.55803 1.58681
0.542301 1.50425 1.46065
0.234525 4.74589 4.85175
6.23662 4.68129 5.30112
2.81992 1.53039 1.69151
3.19108 1.57443 1.64404
1.04288 4.83539 4.78435
0.0404177 1.53171 0.802146
1.06795 0.447801 0.717895
2.3347 0.451519 2.67297
2.38202 5.61827 3.78158
1.32907 0.17398 0.619312
1.32907 0.17398 0.619312
0.91147 5.52851 5.4017
2.20995 5.66826 3.9015
2.18285 1.04338 1.95893
1.9505 0.528541 2.17029
2.20769 0.625023 2.36866
1.57713 6.14888 4.66555
0.74015 5.64284 5.68565
1.42036 0.389558 1.21711
2.31315 6.13165 3.30654
1.92466 5.98982 3.82704
1.92892 0.392949 2.30521
2.27073 0.684281 2.37212
1.92583 0.12756 2.80853
1.80146 6.23911 3.32722
1.08082 0.512563 0.812184
2.14283 0.520332 2.41434
2.34153 0.645893 2.48155
1.91644 0.977243 1.80914
1.95842 0.622331 2.08817
1.5378 6.07764 4.86942
2.007 6.18429 3.35132
1.47331 0.803403 1.47674
0.262084 1.53485 1.43753
2.29709 1.04185 2.04968
2.21297 0.653533 2.34439
2.11877 0.51939 2.38881
1.74914 0.496088 1.89229
2.46721 5.5519 3.76381
0.554319 5.00727 5.16852
0.400359 4.82357 4.9703
0.277035 1.55066 1.5001
1.80037 1.51466 1.58393
0.17097 4.76923 5.03073
0.469699 4.75382 4.79387
1.21194 1.20536 1.42825
5.89285 1.63457 1.41681
3.38778 1.584 1.6233
1.47432 0.317303 1.28421
1.45057 0.555493 1.37857
2.07384 5.56503 4.1504
1.88428 5.66335 4.28601
1.83398 0.0964136 2.79696
2.16253 5.92162 3.65415
1.67631 6.11315 4.15969
1.67313 5.94866 4.42511
0.512131 5.0912 5.3285
0.00261791 4.71538 5.56497
2.2729 0.534312 2.53118
1.7578 0.722619 1.78219
1.40924 0.748228 1.39701
0.915626 6.04114 5.9723
1.48603 6.06937 5.0854
1.54547 0.546298 1.52915
2.20527 0.554834 2.4417
2.2827 0.439454 2.64272
2.16382 0.0995142 2.99451
2.25652 0.471035 2.58483
1.8517 0.212433 2.49968
1.78881 0.396072 2.05797
1.79971 6.07971 3.86636
2.0685 0.28781 2.64271
1.66666 0.655696 1.69515
1.44669 0.587088 1.38545
2.06246 0.256831 2.68564
1.47508 0.187233 1.10173
2.44275 0.808225 2.42017
2.09326 1.09042 1.86231
2.18291 0.722122 2.24374
2.46543 0.40401 2.81115
2.56822 0.545745 2.76789
1.98943 6.13451 3.46631
0.580808 4.80731 4.85645
1.74574 1.51264 1.58109
6.27556 4.70745 5.28667
5.04129 1.65812 1.54093
1.03068 1.16295 1.3173
1.05577 1.16724 1.33368
2.32731 1.16814 1.95303
2.08858 0.861276 2.02571
1.97257 6.23168 3.26233
1.97837 6.12196 3.50184
2.69693 1.42949 1.86091
2.45344 0.779519 2.4592
1.83578 5.57362 4.40633
1.36182 1.45644 1.54644
2.511 6.19844 3.20353
1.98395 5.81164 4.00227
1.67713 5.59308 4.5838
2.11629 0.758657 2.14031
0.543659 5.53497 5.77189
1.82349 0.650531 1.89789
1.96092 1.22637 1.71725
0.815414 5.47806 5.44811
1.95663 5.51359 4.31541
2.15164 0.200171 2.8418
2.20622 0.124656 2.97329
2.46029 0.357309 2.84766
2.24225 0.499258 2.54013
1.98697 0.448494 2.31375
2.25229 0.25759 2.82756
2.04778 0.370894 2.49647
1.63127 0.157168 1.93576
1.66948 0.246884 1.94513
1.7571 0.527451 1.88375
1.81725 0.735934 1.84174
1.14801 1.03691 1.31084
2.10551 1.1859 1.80628
2.24208 0.876593 2.15503
0.244979 4.8521 5.22478
2.52204 1.3187 1.91736
1.78768 5.93015 4.17344
1.94843 0.271617 2.52946
0.627684 4.95397 5.03976
6.27556 4.70745 5.28667
2.76702 1.49772 1.75491
2.97852 1.53872 1.76342
5.8108 4.06086 5.69286
5.89893 4.48903 5.22421
6.01141 4.17146 5.84883
2.15692 1.31404 1.74339
1.90089 1.04445 1.7673
2.38617 1.37027 1.78337
2.00784 5.46104 4.30288
1.86263 5.99847 3.91392
1.98452 5.58927 4.22678
1.31394 5.78176 5.15923
2.03743 0.553878 2.25433
1.43834 0.587126 1.37318
2.24815 0.577787 2.46038
1.69411 0.186662 2.15155
1.89419 6.1957 3.39754
1.80756 0.204432 2.43175
2.40731 0.70375 2.48787
2.19809 0.510284 2.48411
2.46506 6.19821 3.20988
1.16945 6.1832 6.05107
1.63323 0.408275 1.71432
2.06052 0.28561 2.63808
1.39804 0.577382 1.30908
2.36834 1.01273 2.13983
2.21563 1.05494 1.97392
1.91266 0.447094 2.20924
6.11498 4.22659 5.97203
2.10175 0.734684 2.14717
5.81954 3.78078 5.92737
1.81983 0.328887 2.2112
1.81983 0.328887 2.2112
1.32361 6.08016 5.59889
0.479005 4.9455 5.14119
0.663356 5.05154 5.13642
6.19207 4.6772 5.08016
6.19207 4.6772 5.08016
2.34618 0.442485 2.69131
0.806421 0.607392 0.627243
0.806421 0.607392 0.627243
1.73947 0.693577 1.77284
1.6182 1.18248 1.5902
0.806859 5.37244 5.35176
2.17905 6.17412 3.29756
2.22222 6.14941 3.3163
1.87694 0.458913 2.1399
1.23259 1.13181 1.40712
2.25453 0.464639 2.59013
2.09339 0.436027 2.46145
2.09356 0.36544 2.55543
1.10748 0.259569 0.488577
1.58416 0.0268151 2.03311
2.39881 0.277686 2.8856
2.25497 0.302088 2.77662
1.47374 0.0584739 0.541348
6.15471 2.13795 0.200099
2.5685 0.582322 2.73976
1.97119 6.10995 3.53362
1.5708 3.14159 -nan
2.09482 0.404892 2.50351
1.65495 0.970807 1.62844
2.29144 1.36394 1.75305
1.79153 0.444414 2.01117
1.92823 6.18621 3.3964
2.12982 6.21103 3.25662
2.20242 6.24084 3.19944
1.30022 6.02475 5.52183
1.53494 1.36268 1.56322
0.381179 4.89357 5.14111
0.275847 4.95235 5.42518
2.49593 6.1967 3.20682
1.97213 0.151343 2.79659
1.33281 0.163418 0.596993
2.02246 6.07604 3.5504
1.85459 0.785398 1.85459
2.60204 1.45283 1.76619
6.28007 4.71014 5.33702
1.71951 5.84676 4.40159
1.03107 6.23184 6.19761
2.02111 0.478893 2.32054
1.80117 0.401777 2.07517
6.23479 4.1934 6.1986
2.21999 0.317432 2.73305
1.95893 0.385415 2.36009
5.80583 3.23833 6.23303
2.17718 0.128323 2.95765
2.29021 0.309791 2.79127
2.15279 0.0237825 3.10546
1.82286 6.15013 3.62089
2.48837 0.0374814 3.1129
2.14433 0.0620099 3.04577
2.12193 6.27483 3.15519
1.9746 5.89356 3.9071
2.04885 6.06891 3.53922
2.50367 0.981488 2.30462
2.80288 1.48083 1.82148
6.04008 4.44094 5.5553
5.869 4.22108 5.59541
1.5824 0.0331553 1.90747
2.27583 6.19834 3.24121
1.59922 1.35089 1.57715
1.59922 1.35089 1.57715
0.304352 4.94972 5.36861
2.0819 0.933726 1.96417
2.47122 0.886269 2.37069
2.05799 1.04586 1.8685
2.16146 1.00296 1.97498
2.68092 1.35154 1.99283
2.53137 0.469262 2.80088
2.07664 5.37241 4.30636
1.77115 0.181228 2.40751
2.32404 0.603943 2.50724
1.96468 0.124163 2.84986
1.96847 0.165257 2.76364
2.22245 0.438149 2.59079
2.13324 0.482684 2.44804
2.40795 0.142471 3.01299
2.04074 6.2411 3.2243
2.28405 0.0729119 3.05737
2.58721 0.436759 2.86022
2.02556 0.206303 2.73716
1.89918 6.23255 3.28924
2.19231 6.07513 3.42824
2.02023 6.24156 3.22771
2.485 0.168135 3.01152
1.91079 5.86877 4.03513
2.09264 0.0854801 2.99366
1.68946 0.777022 1.69144
1.61288 0.86734 1.6065
1.55196 0.77151 1.55143
1.67589 0.200314 2.04994
2.38087 5.98806 3.42326
0.0128335 4.72953 5.64054
6.21629 4.61636 5.67546
2.1788 6.21598 3.238
1.79779 0.320475 2.17875
0.331486 0.10769 0.0371921
6.27176 1.78615 0.052206
0.705111 0.197396 0.168597
2.59732 0.237375 2.99619
6.16191 2.04844 0.231243
2.09053 0.880974 2.01187
2.54168 1.19661 2.09195
2.37797 0.758139 2.40517
2.25021 0.414139 2.6432
0.30169 0.574398 0.19874
2.25862 0.0721522 3.05386
2.42224 6.25317 3.16789
1.89845 0.0350477 3.0388
2.24101 0.0328424 3.10017
1.82248 0.352899 2.18027
2.30395 0.378363 2.72593
2.32332 5.96047 3.48462
2.36247 0.0118777 3.12986
1.8117 5.97643 4.0527
2.2289 6.23831 3.19962
1.94885 6.15621 3.45259
1.76022 1.24172 1.63617
3.35646 1.59901 1.6994
1.921 1.06648 1.76972
2.48362 6.15618 3.23997
2.32492 5.83132 3.61851
2.06646 6.11676 3.44282
1.11936 5.13051 4.92456
1.84604 0.49049 2.05725
2.52782 0.997356 2.31274
6.21627 4.53592 5.92369
1.66555 0.65008 1.69515
2.59475 0.767043 2.61092
0.558374 0.570678 0.38137
6.05971 4.31869 5.78255
0.160768 5.59405 6.15036
2.29471 0.513728 2.57349
2.34125 0.693854 2.433
2.2711 0.0904312 3.03441
2.19264 0.301921 2.73166
0.321295 0.491851 0.176463
2.09172 0.419373 2.48105
2.36056 6.26214 3.16246
2.52545 6.11604 3.2605
1.83117 6.23178 3.33235
5.83989 4.02317 5.76044
1.7126 0.420279 1.88
1.50838 0.531956 1.465
1.60192 0.157173 1.76476
0.878833 0.836292 0.928374
1.80798 1.06398 1.7042
1.27825 0.06698 0.219141
2.45737 0.324174 2.87407
5.8995 3.1104 0.0125946
2.14801 6.23412 3.21686
0.958807 4.98073 4.90304
0.958807 4.98073 4.90304
0.926098 4.98179 4.91708
0.591098 5.75683 5.91137
1.51542 5.95145 4.87195
0.338122 0.0388061 0.0136512
0.363638 5.20219 5.66325
0.0591275 4.79079 5.63746
6.13453 4.29754 5.95541
5.86153 3.38948 6.17014
6.24374 2.10661 0.066366
0.658861 6.19221 6.21267
0.658861 6.19221 6.21267
0.34966 5.27339 5.75736
2.27054 0.75483 2.30082
2.36056 6.26214 3.16246
2.2686 0.556995 2.50279
6.00489 4.46741 5.43122
2.58714 1.24081 2.07603
2.08144 0.83746 2.03821
1.25639 0.540084 1.07381
1.81612 1.00569 1.72823
2.54308 0.26005 2.96209
2.1571 5.97751 3.58512
2.24547 5.88991 3.62007
5.75818 2.92443 0.127113
0.924482 4.96893 4.90776
0.595928 5.75869 5.90929
2.64998 1.37949 1.91785
6.12084 4.61811 5.23596
2.0731 0.661233 2.18551
1.28139 1.06498 1.40734
5.83135 1.83432 1.06343
1.41582 5.47168 4.8596
0.859891 5.99922 5.95641
6.27032 4.69837 5.54092
0.790491 0.472382 0.476522
0.681308 0.582487 0.490566
0.684854 0.598354 0.508032
1.71181 5.41315 4.5932
0.841386 0.337796 0.374431
1.07511 0.176242 0.318171
0.92533 6.19356 6.16441
0.834232 6.07926 6.05897
0.797313 6.08748 6.08288
0.928091 5.45842 5.31773
1.12062 0.270769 0.521372
1.9048 5.69643 4.23137
0.447862 0.151705 0.0733148
0.422332 0.279208 0.128128
0.425282 0.265739 0.122656
0.957589 0.328402 0.450936
0.899787 0.17836 0.22329
1.06647 0.206189 0.362242
0.904962 0.369044 0.457534
0.737525 0.0283285 0.0257393
0.782548 6.11924 6.12015
1.81776 0.738047 1.8412
2.42554 5.23081 4.13207
0.596358 0.511306 0.363898
0.10253 1.14986 0.225899
0.87979 0.122386 0.147644
1.03482 0.393248 0.60968
0.330508 0.0416217 0.0142874
0.672673 0.149454 0.119381
0.672615 0.149365 0.119296
2.25754 6.03865 3.43703
0.940819 1.03875 1.16538
0.351414 1.07985 0.601128
0.351414 1.07985 0.601128
0.330059 0.912111 0.416703
0.335308 6.12112 6.22627
0.339154 6.16334 6.24073
0.606559 0.456647 0.328504
0.417292 0.10065 0.0447423
0.71789 0.331019 0.291581
0.206498 6.14799 6.2547
0.219135 0.231961 0.0525589
0.214752 0.256971 0.0572538
0.643118 6.08242 6.13185
0.260548 1.04858 0.43382
0.885517 0.727257 0.827869
0.643138 0.617858 0.489391
0.584295 0.931308 0.726804
0.323415 0.904367 0.402881
0.243577 0.944423 0.330827
0.0472832 1.52621 0.814809
0.615714 0.540981 0.401884
0.256328 1.07006 0.446638
0.28618 0.0100392 0.00295421
0.727618 6.22706 6.23319
0.312788 6.23083 6.26624
0.351413 0.00920226 0.00337391
0.360567 6.24938 6.27044
0.369297 6.24356 6.26784
0.372193 6.21467 6.2564
0.60169 6.03889 6.11367
0.283142 1.23025 0.687481
0.1363 1.23919 0.379052
0.403003 1.03584 0.62366
5.92641 2.63422 0.204314
0.445415 0.736033 0.408173
0.585217 0.674741 0.487453
0.456658 0.734606 0.417652
0.478307 0.913592 0.591616
0.480831 0.78306 0.478915
0.0552122 4.77559 5.5653
0.280232 5.64858 6.07439
0.649796 0.524521 0.414216
0.238512 5.76027 6.14394
2.49546 0.859936 2.42229
0.158192 5.85618 6.21073
0.463648 6.25237 6.26777
0.334981 6.21138 6.25815
5.92763 2.27921 0.408971
0.557416 6.036 6.12717
5.88165 1.88199 0.922502
0.559072 0.765239 0.541101
0.463452 0.756087 0.440413
0.382755 0.886397 0.458369
0.506828 0.761734 0.48699
0.65542 0.462494 0.366017
0.934718 0.418565 0.542183
0.471742 0.631788 0.357336
0.557843 0.559042 0.372162
0.720066 0.256654 0.226268
0.431163 0.602503 0.306449
0.642784 0.637617 0.506525
0.642321 0.714567 0.575692
0.358595 6.2228 6.26053
0.412286 0.0239148 0.0104608
0.587141 0.0112161 0.00746362
0.262901 0.205513 0.056043
0.644613 5.906 5.99375
0.753007 6.17278 6.17966
0.529311 0.930085 0.665242
0.523486 0.95822 0.687614
0.564614 0.880523 0.6543
0.589138 0.955226 0.7571
0.574011 0.959418 0.745104
0.494583 0.660829 0.397001
0.357805 6.27525 6.28022
0.432466 0.136979 0.0635436
0.433543 0.715175 0.382293
0.561024 0.37745 0.244156
0.319284 0.558627 0.203767
0.995923 0.0346966 0.0535257
0.318036 6.2286 6.2652
0.321466 6.27559 6.28066
0.321972 0.00506645 0.00169008
0.507001 0.57745 0.347217
0.321972 0.00506645 0.00169008
0.492308 0.498765 0.284243
0.752034 6.24985 6.252
0.322706 5.38538 5.88599
0.660713 0.495038 0.397304
0.377777 6.24576 6.26833
0.43929 6.20179 6.24487
0.439297 6.20173 6.24484
0.383622 6.26046 6.27401
1.61931 0.778849 1.61995
0.381416 1.31761 0.997843
0.568149 0.963843 0.74338
0.719587 0.802908 0.736985
0.719585 0.802607 0.736684
0.378331 1.02644 0.580997
0.319284 0.558627 0.203767
0.467018 0.45949 0.244504
0.956257 1.24647 1.33785
1.02983 0.191716 0.312513
0.625419 0.82394 0.662456
0.569635 6.28076 6.28163
0.332752 0.0473634 0.0163797
0.658487 0.133551 0.103573
0.662781 0.266129 0.209653
1.06712 6.24567 6.21518
5.9056 2.48088 0.299027
0.116227 0.711625 0.100345
0.693107 6.1042 6.13403
0.626478 0.000840102 0.000608011
0.627181 5.88266 5.98542
0.627181 5.88266 5.98542
0.627181 5.88266 5.98542
5.30039 1.58954 1.5583
0.365523 1.37178 1.08581
0.735357 0.950401 0.902277
0.609013 0.870223 0.691036
1.00852 1.35894 1.43609
0.0620652 1.44422 0.454265
0.901281 0.737472 0.854116
0.580596 1.13254 0.950476
1.14111 0.189758 0.396897
1.14111 0.189758 0.396897
6.0074 3.60321 6.14333
2.14622 0.345874 2.63449
0.798519 0.519269 0.530651
0.583013 0.358532 0.242272
2.13513 0.490432 2.44088
1.75086 0.283421 2.1294
1.90152 6.24893 3.24108
1.28514 0.165111 0.516074
1.28514 0.165111 0.516074
1.19436 0.0142355 0.0360002
0.893085 5.98913 5.92332
0.80498 5.65343 5.63468
0.203967 5.04863 5.74882
0.203967 5.04863 5.74882
6.21686 1.59191 1.263
0.653715 1.45526 1.42045
0.426099 1.41293 1.23349
0.564066 1.37808 1.27159
0.746539 0.77177 0.732967
0.163061 1.05873 0.284752
0.285832 6.22579 6.2663
1.06315 0.0712278 0.127564
0.648543 0.190286 0.144961
0.414088 6.27506 6.27962
1.06281 6.09045 5.94602
0.950275 6.07292 5.993
0.859251 0.432931 0.492053
1.7284 0.515981 1.84396
0.307219 1.0745 0.529986
1.08426 1.04827 1.27509
0.919241 1.22066 1.29917
1.46474 0.777323 1.46302
1.48057 0.108989 0.879934
1.04431 0.194449 0.326701
1.29368 6.11649 5.749
1.58231 6.14043 4.63243
1.76685 0.184319 2.38779
1.76857 0.296074 2.15203
1.77963 0.566301 1.89255
1.98586 1.05231 1.81711
0.936857 0.226706 0.30404
1.58308 0.146315 1.65394
1.58308 0.146315 1.65394
1.43691 0.259346 1.10104
0.918559 5.96509 5.87613
0.791418 5.822 5.81718
1.27504 1.44349 1.53182
0.15972 1.53309 1.34078
1.18736 1.50543 1.5444
0.202219 1.44419 1.0152
0.785961 0.820167 0.820729
0.718885 0.859661 0.793225
0.703586 0.846248 0.764225
1.23629 1.05835 1.3777
0.420871 5.07191 5.41085
0.114403 5.32293 6.12043
1.85666 0.358275 2.23629
1.60543 0.214425 1.72857
2.43675 0.322467 2.86468
1.93408 0.294138 2.46878
2.4016 0.354621 2.81557
2.65998 1.0789 2.36863
1.59163 0.918352 1.58672
1.8318 0.693607 1.88164
2.28223 0.60436 2.46619
1.61112 0.565345 1.63431
0.814226 0.504401 0.529177
1.69552 0.762376 1.70133
1.52973 0.647133 1.51648
0.269927 5.98876 6.19948
1.33986 0.115698 0.459049
1.90424 0.316812 2.38366
1.90421 0.0416209 3.02193
2.18169 5.98494 3.55526
2.04951 0.121793 2.90998
1.97017 0.57362 2.14945
1.75293 0.607498 1.82977
2.08345 0.498493 2.3729
1.62842 0.73125 1.63501
1.05254 0.662679 0.939753
2.03294 1.00413 1.87772
1.83758 6.25105 3.25868
2.19481 5.90374 3.64739
1.1249 5.72854 5.36956
1.11318 5.90309 5.60163
0.78697 1.54987 1.54994
2.03941 1.45592 1.62914
0.275659 4.80549 5.03121
1.28719 1.49471 1.54858
0.326625 1.46172 1.25814
0.453157 1.04094 0.693576
0.453157 1.04094 0.693576
0.749892 0.905196 0.87041
5.9032 1.98035 0.74379
2.49809 1.5028 1.66135
0.0399371 4.74619 5.41465
2.60219 1.31376 1.98455
1.31774 0.120459 0.437791
1.60133 5.97046 4.61821
1.54362 0.264501 1.47078
1.85009 0.698948 1.89962
1.78625 0.340979 2.12345
1.35315 5.29859 4.8582
1.35593 5.61181 4.98046
1.42563 6.18989 5.71387
1.91202 0.0732524 2.93782
1.77509 6.26627 3.22304
1.96594 5.51203 4.30701
1.40332 6.09502 5.43842
6.27673 4.59201 6.22984
2.09007 0.624459 2.24135
1.76637 0.522813 1.90189
1.76697 0.266895 2.19932
1.13797 0.365625 0.691921
1.75984 0.538025 1.88107
1.77643 0.416052 2.01184
1.93636 6.1931 3.37335
1.96152 0.23364 2.61767
2.06987 6.13698 3.40544
6.01274 3.47629 6.18707
1.8314 0.199829 2.49204
1.17443 0.734858 1.13709
5.79331 2.23269 0.600169
6.23295 4.69814 4.98854
1.11898 0.239059 0.465408
1.57205 0.854587 1.57189
0.684213 1.50994 1.49623
5.78758 2.17474 0.664636
2.03241 1.52098 1.59559
0.427634 1.3485 1.1104
1.84578 1.22092 1.67338
6.10423 1.68147 1.0199
0.0394337 4.72326 4.9812
5.83588 1.85672 1.02103
1.66474 1.0514 1.62462
1.64029 0.603131 1.67151
2.19407 0.824115 2.15782
1.60566 5.39623 4.68397
1.73937 0.684206 1.77651
1.80319 5.27885 4.56299
1.3628 5.60617 4.96918
1.00091 6.05012 5.92842
2.42362 0.653068 2.55248
2.13241 0.584495 2.33109
2.09798 0.346329 2.58667
1.81165 0.314777 2.21709
2.29963 0.191474 2.92779
2.5889 0.0031717 3.13964
2.39794 0.339274 2.8277
1.85758 0.404432 2.1741
1.85758 0.404432 2.1741
1.70709 6.18797 3.74987
0.892753 0.0542454 0.0673139
1.92436 0.324881 2.40186
1.8864 0.15153 2.70415
2.16886 0.473138 2.49721
5.8433 4.29137 5.47293
2.34684 1.19681 1.93846
1.95408 5.53833 4.30013
0.778159 0.510404 0.504256
1.46803 0.695625 1.44789
1.50747 0.552415 1.46829
2.24605 5.94917 3.55049
0.458187 1.37018 1.17971
2.51351 5.56394 3.70802
1.46595 1.04149 1.50931
1.53376 0.86217 1.53904
0.98677 1.15869 1.28953
1.94251 5.01097 4.59298
1.60612 0.618978 1.62036
1.19536 1.22387 1.42925
1.70509 0.753167 1.71392
0.736335 5.6882 5.73293
2.43408 0.324086 2.86183
1.679 6.0702 4.24692
1.41313 5.014 4.76181
2.60382 1.21707 2.12517
0.763668 0.870596 0.849101
5.95334 4.18145 5.75532
1.1929 0.784452 1.19225
1.08964 0.789279 1.09282
2.14019 0.365069 2.60333
1.50339 0.12251 1.0693
1.69556 6.20414 3.70491
0.97279 5.75019 5.56946
1.96616 5.75818 4.08804
1.74802 6.17506 3.68646
5.91215 3.71314 6.038
2.09232 0.108144 2.95484
1.52084 0.500658 1.47967
2.04085 0.316046 2.56967
1.60674 6.21616 4.22058
2.27036 0.0257021 3.11105
2.32067 5.66384 3.79492
1.96319 0.675509 2.04756
2.101 0.105506 2.96286
2.00722 5.86636 3.90099
2.18703 5.88248 3.68065
1.25398 5.18995 4.88046
0.203781 1.46008 1.07724
0.674565 1.10335 1.00777
5.70425 1.58434 1.55008
1.69433 5.63327 4.55046
1.34092 1.36404 1.52175
2.00659 0.959014 1.88656
2.32846 1.018 2.09911
1.05222 1.02396 1.23644
1.90246 4.90157 4.64654
1.98006 0.632375 2.10528
0.643235 6.01898 6.08312
1.9278 0.122858 2.82189
0.822571 5.23351 5.202
1.2657 5.89865 5.37371
1.06838 6.01547 5.82016
0.918209 5.87693 5.77053
0.0770755 4.8187 5.65671
1.68031 4.97417 4.68294
0.97443 0.738948 0.930503
0.578047 4.8414 4.90869
1.47624 0.344278 1.31222
6.08342 4.60138 5.21565
1.72411 0.846462 1.70667
2.16708 0.772809 2.17883
2.19589 0.9211 2.07229
2.08319 0.741947 2.12118
2.3659 1.10333 2.04611
6.10698 2.82275 0.0587085
1.40778 6.18108 5.72607
1.82975 6.2711 3.18717
3.14159 1.5708 5.91328
1.92396 6.16822 3.44516
1.54171 6.12438 4.89209
1.58728 0.269533 1.6304
2.39794 0.599853 2.58006
2.0235 0.111306 2.91572
2.40959 0.364665 2.81116
1.05301 0.208656 0.355889
1.27959 1.01055 1.38495
1.85404 0.414287 2.15551
1.78188 5.76092 4.35601
2.44551 1.38692 1.78979
1.17088 4.99859 4.83615
4.92337 1.6518 1.55341
1.90419 0.955355 1.81094
1.39673 5.9581 5.19328
6.25289 1.57536 1.42131
0.479375 1.51999 1.47328
1.76416 1.22729 1.64072
1.70899 0.238259 2.09085
1.99885 0.103958 2.91679
1.5708 3.14159 -nan
1.20621 1.25739 1.44774
0.822571 5.23351 5.202
1.3371 5.49486 4.94477
1.37051 5.83893 5.11553
1.76224 6.03293 4.06363
2.27107 0.446136 2.62538
1.73828 0.75459 1.74872
1.27425 0.0534335 0.173285
5.87403 3.8786 5.90823
1.49559 0.46689 1.42241
2.0134 1.44254 1.63185
1.95712 6.26592 3.18401
5.84951 3.52151 6.10034
1.46053 0.343024 1.27019
0.737468 0.289142 0.263942
1.60492 6.18708 4.37201
1.61213 0.210877 1.76163
1.49297 0.311073 1.33284
2.05752 6.04518 3.57145
2.16646 5.95303 3.60973
1.59382 1.13037 1.58165
1.33982 0.581551 1.22724
5.98653 4.30665 5.66473
1.95189 0.495905 2.20827
2.062 1.00301 1.89962
1.66566 5.59114 4.59808
1.3708 1.28252 1.51076
2.00718 0.787635 2.00547
1.46996 6.15943 5.39527
2.41021 5.84241 3.54205
1.68242 5.78469 4.50931
2.49995 1.42898 1.75962
1.67081 1.40644 1.58744
1.45017 1.55657 1.56907
5.56891 1.7236 1.39499
5.96935 4.39332 5.50664
0.0506903 4.81303 5.81763
0.51194 1.48791 1.42401
6.15234 1.58601 1.45572
2.35461 1.38219 1.75882
2.37712 5.93468 3.47688
2.31941 5.95916 3.4885
1.64227 0.472993 1.7098
1.33674 0.680338 1.28426
6.03216 4.47569 5.46724
1.83079 0.562575 1.97002
1.96361 0.762999 1.9797
1.9513 0.764993 1.96559
1.7336 5.98345 4.22386
1.22321 0.0130845 0.0361017
2.34764 0.0679627 3.07246
2.41853 1.02897 2.16938
5.81715 2.36027 0.462779
1.9426 4.84229 4.66149
0.836468 1.22398 1.25541
2.22949 6.07611 3.40664
2.11466 6.13876 3.37762
2.37061 0.283249 2.86599
2.46282 0.317533 2.88245
2.2053 6.07001 3.42763
1.5763 5.98416 4.69453
2.22065 6.03838 3.45918
1.74131 0.331651 2.03444
2.09018 0.444933 2.44647
2.23398 0.54225 2.48465
2.21058 0.986672 2.02801
1.70332 1.0975 1.63896
2.37153 0.679558 2.47697
2.37153 0.679558 2.47697
1.253 6.07569 5.71387
1.73957 5.95976 4.2421
1.85999 1.15316 1.70206
2.56995 1.42997 1.78771
5.7427 3.28442 6.1971
1.99084 5.3042 4.42074
2.02827 0.696853 2.10252
2.03762 4.97215 4.57925
2.11143 5.03375 4.51515
1.1829 1.21725 1.42113
0.0250491 1.5623 1.24391
1.10372 0.577191 0.911834
1.60733 0.477675 1.64129
1.67847 0.233059 1.9981
1.98966 0.497127 2.25795
1.10725 1.24941 1.40589
1.34066 0.658398 1.2767
5.79218 3.24161 6.22958
5.79217 3.24095 6.22993
0.120306 4.83266 5.49764
0.0394547 4.75988 5.59008
5.82681 2.2093 0.584385
2.02253 1.05795 1.83751
1.56186 6.19964 4.81869
1.14274 1.26217 1.42635
2.24524 0.00655997 3.13339
2.10564 6.14377 3.37416
1.97659 6.25331 3.21105
2.35619 6.28319 3.14159
5.81402 3.21424 6.24631
2.36614 0.310952 2.83639
2.29056 6.26489 3.16247
2.06949 6.19264 3.30679
2.01468 0.466777 2.32723
2.38918 0.686158 2.48756
1.96988 0.827519 1.94057
1.02876 0.01357 0.0225314
5.61174 1.80062 1.28446
1.87668 0.484478 2.11122
0.834236 0.25985 0.285193
1.5708 1.12656 1.5708
0.299352 4.80244 4.99702
1.40151 0.838164 1.41822
1.86199 0.0411955 3.00492
5.85167 4.14497 5.65753
1.79388 5.36747 4.53984
2.43167 1.19925 1.99647
2.62223 1.31815 1.99495
4.71306 1.60208 1.57078
0.33194 1.49531 1.35481
1.67674 0.368972 1.83916
1.65614 0.293237 1.84689
2.09008 0.227142 2.75735
2.03444 0.154477 2.83968
2.42869 1.33666 1.83997
1.4797 0.212496 1.17028
6.03821 1.66083 1.22426
1.73216 5.30243 4.60382
1.88042 0.411861 2.20289
2.28085 6.04549 3.41631
0.0394547 4.75988 5.59008
1.6129 5.59567 4.66113
0.86496 0.832281 0.91091
1.45645 0.341942 1.25867
1.26482 0.637132 1.16737
1.0382 0.837182 1.0824
1.90604 0.238632 2.53204
2.27901 0.586839 2.48136
2.30285 0.495628 2.59998
2.04973 0.533651 2.29181
2.4579 0.749724 2.49258
2.12586 0.0735001 3.0234
2.10943 0.173903 2.85566
1.95044 0.0597791 2.9927
1.75145 0.831203 1.73592
2.01714 0.512471 2.27564
2.00291 0.036622 3.06232
5.84758 4.38636 5.34063
1.80164 0.114776 2.68557
1.57922 6.10529 4.66555
1.8314 0.106265 2.76109
1.8314 0.106265 2.76109
2.12807 0.508498 2.41185
1.78256 0.710234 1.81577
1.20016 0.279717 0.636557
1.14791 0.224548 0.46964
1.6831 5.83636 4.48123
2.13649 0.51747 2.41071
6.22769 1.57815 1.43921
4.5184 1.63366 1.58316
5.89278 4.52983 5.13408
0.899364 0.0873749 0.1098
5.96374 4.54052 5.19566
2.12304 5.43756 4.21253
1.58468 5.9031 4.67765
1.48159 5.87468 4.91617
1.65827 5.73078 4.57107
1.87666 5.81127 4.15833
2.15077 5.9288 3.65571
2.00563 6.05319 3.60851
2.43906 1.05417 2.16179
1.84854 5.87064 4.13499
1.95931 1.30487 1.68183
1.49097 0.674741 1.47113
2.30672 1.13016 1.97442
2.59442 0.943498 2.44274
2.19244 1.39372 1.6983
2.49239 1.36926 1.83376
1.54139 6.14125 4.91543
2.10946 5.93279 3.69048
5.76337 3.09946 0.0241203
2.35477 0.0341019 3.10739
1.91392 5.96197 3.89147
1.64381 0.212324 1.89789
2.047 0.412742 2.43769
2.2571 0.471859 2.58445
1.20023 0.168272 0.412198
1.26437 0.144394 0.430787
1.93561 0.325665 2.41757
2.03208 6.15944 3.3868
1.81928 5.81051 4.25179
6.09615 4.13819 5.99859
2.76008 1.37897 2.02167
2.412 1.46253 1.69176
1.57158 0.624869 1.57188
1.90002 5.74305 4.19447
1.97642 5.27031 4.45055
2.61657 0.813815 2.59156
5.18825 1.68979 1.50926
0.569486 4.87303 4.96027
0.569486 4.87303 4.96027
1.55342 1.51441 1.56982
4.39916 1.5873 1.57614
2.87932 1.54753 1.65726
1.46054 1.13612 1.51944
1.85839 1.23788 1.67272
2.30901 0.852626 2.2425
1.26287 6.22667 6.10715
1.34471 0.822518 1.36041
1.80422 0.968509 1.73282
1.61396 6.0223 4.55201
0.67254 0.64389 0.538787
2.25186 5.27623 4.23884
6.16403 4.39502 5.93365
2.09173 5.8504 3.81947
2.30096 0.489855 2.6044
2.06264 6.05767 3.54617
1.88866 6.00597 3.85462
2.08514 1.03289 1.89595
1.72455 0.533335 1.8275
6.02684 4.2042 5.84334
1.95336 0.418551 2.30613
1.95429 6.09718 3.578
1.89605 0.124088 2.78733
2.17727 0.362504 2.64126
2.0324 0.303674 2.57945
2.26289 0.165989 2.94216
2.09924 0.317956 2.62827
0.277739 0.565552 0.179024
2.03295 0.623813 2.17624
5.97556 3.31406 6.2279
2.30476 5.92299 3.5371
2.11004 0.0811646 3.00649
1.83525 0.243141 2.40002
1.51146 5.04968 4.73322
1.87227 0.703365 1.92224
2.46345 1.24928 1.96284
6.02412 4.59032 5.14593
0.95494 1.36248 1.42231
2.18548 5.35287 4.22807
5.6814 1.78375 1.26577
6.02096 1.60519 1.4433
2.25538 1.25742 1.82939
6.14129 1.59375 1.41144
-nan 4.71239 4.71239
2.17484 5.23812 4.33155
1.46437 0.092489 0.714975
1.80472 0.181159 2.48624
1.60786 5.93378 4.61096
1.45866 5.61757 4.85485
1.60986 0.652969 1.62185
2.16993 0.683051 2.26898
1.92655 0.602665 2.06594
1.57333 5.75258 4.70808
2.25336 5.53372 3.99439
1.64795 5.85719 4.54365
1.86758 4.88278 4.65982
0.448114 4.87665 5.04442
0.803341 5.97422 5.96367
0.7205 0.780441 0.715588
1.48426 1.03131 1.5189
1.72798 0.700609 1.75656
2.42254 0.600373 2.60164
2.26131 0.536335 2.51789
2.17279 6.24239 3.20093
1.53651 0.109313 1.26791
2.184 5.07116 4.45438
1.95137 6.27394 3.16471
2.33502 0.322127 2.80653
1.81742 0.450244 2.05097
2.13253 0.516854 2.40706
2.06938 0.186515 2.80796
2.25915 0.166767 2.93974
1.96615 0.148894 2.79654
2.22507 0.216759 2.86199
1.87861 0.441997 2.16236
1.56388 6.21414 4.81206
1.57421 6.21054 4.66555
1.00267 0.741037 0.961659
2.05311 0.576259 2.24899
1.23833 6.20196 6.05164
2.03359 5.49942 4.24829
1.44009 5.15258 4.77423
5.73142 1.64397 1.45226
0.62517 4.75965 4.77782
0.442602 1.40061 1.22297
0.560204 1.33098 1.19908
1.24515 5.88932 5.3947
5.0929 1.57806 1.56789
2.35764 5.32083 4.10259
2.35764 5.32083 4.10259
0.857528 6.07765 6.04674
1.99591 0.102788 2.91757
1.37968 1.32839 1.52299
2.48881 0.619054 2.64277
1.93637 5.39902 4.40835
2.08575 0.631722 2.22905
5.94305 4.20718 5.71398
0.980234 0.426441 0.595613
1.31786 5.83451 5.20512
1.38631 0.070875 0.363527
2.03724 1.51673 1.59804
2.23049 6.26373 3.16668
5.89948 2.45259 0.321026
2.3724 0.529319 2.62629
5.41531 1.60259 1.54386
1.11669 1.11534 1.33611
1.78848 0.140317 2.57329
1.2535 0.353085 0.842926
0.165169 0.790297 0.166765
1.63346 5.81813 4.58798
1.71905 6.15918 3.83708
2.22734 5.99618 3.50738
1.82358 0.123103 2.69489
2.5028 0.316463 2.90302
1.98931 0.288899 2.55252
2.21654 0.554856 2.45325
2.06183 5.93108 3.74363
2.40878 1.05841 2.1294
1.01343 0.22971 0.358917
1.27486 6.12819 5.80961
1.9752 6.01028 3.72075
1.86136 5.98367 3.94308
1.60647 0.680877 1.61482
1.05165 4.92775 4.83674
1.77964 0.396944 2.0389
2.18478 5.4304 4.16048
1.10989 5.12102 4.92419
1.10989 5.12102 4.92419
1.39458 0.0412669 0.227857
1.93467 4.91077 4.63598
1.01701 1.14028 1.29411
5.63981 1.68539 1.41849
1.90758 5.21381 4.52277
1.90758 5.21381 4.52277
2.15757 5.96636 3.59971
2.15175 5.94358 3.63527
1.60012 0.591144 1.61446
1.57058 0.651657 1.57051
1.50335 5.06777 4.73745
1.84775 5.11135 4.59312
0.156284 5.65631 6.16954
2.43879 5.43301 3.90898
1.74968 6.19485 3.59704
1.87862 0.71806 1.91981
1.27129 0.947233 1.35222
2.36898 1.15699 1.99411
1.58815 0.88206 1.58508
2.62181 1.18077 2.19373
1.50664 6.21477 5.46554
1.76998 0.0099068 3.09255
2.02623 6.21782 3.27446
1.5489 0.112174 1.37875
1.83147 0.133997 2.67365
2.23493 1.46872 1.65081
1.63809 0.121157 2.07638
2.5154 0.637927 2.6494
0.0385531 0.829286 0.0420908
2.31806 0.734402 2.36911
2.0582 5.99236 3.65564
1.90996 0.0133695 3.10371
2.27367 0.641965 2.41858
2.16508 1.02913 1.957
2.11227 6.18298 3.30723
2.4086 5.89042 3.4986
2.12389 5.99077 3.5953
0.546757 0.654161 0.436662
1.28303 5.33878 4.92338
1.48034 0.73426 1.47064
2.38098 5.34784 4.05308
0.547966 4.86103 4.95299
2.05135 5.498 4.23166
2.40119 1.52879 1.61676
0.256083 4.80878 5.06615
1.17223 1.32846 1.46708
2.03601 0.602572 2.20117
2.2467 1.3558 1.74415
2.12298 5.46791 4.18654
2.17456 0.796797 2.16395
2.30278 0.669234 2.41973
2.39948 6.06488 3.34228
1.41672 6.19273 5.75456
0.808382 0.826897 0.849758
2.37989 5.26483 4.13855
2.1412 5.49189 4.14733
2.36045 5.39471 4.0259
2.16656 0.298283 2.71582
2.16904 1.33506 1.73307
6.01827 4.58007 5.16848
0.487888 1.41079 1.27557
2.20834 5.03788 4.46741
1.7485 0.820623 1.73663
2.05999 0.241406 2.7084
0.393501 0.600178 0.276835
0.634064 0.0963208 0.070931
0.24833 6.05511 6.2244
1.51146 0.15711 1.21203
1.72877 6.03947 4.14263
1.72272 0.195216 2.22967
1.9106 0.0782815 2.92324
2.43126 0.261849 2.91504
2.43126 0.261849 2.91504
5.77492 3.18376 6.25969
1.50772 0.247454 1.32582
2.55177 0.468896 2.8147
2.26322 0.132543 2.98221
1.92895 0.0621449 2.97685
2.3336 5.33401 4.112
2.27323 0.933082 2.131
2.52409 0.965208 2.34352
1.93805 0.526581 2.1554
2.35995 5.28408 4.13727
0.367488 4.93635 5.24666
2.85552 1.55741 1.61628
0.153179 4.79861 5.22278
1.89349 5.1237 4.56755
2.21692 1.15619 1.89126
1.0682 1.37689 1.46327
1.95564 5.98709 3.78712
1.95565 5.96878 3.81807
2.5052 0.0143625 3.13098
1.78253 5.3827 4.5436
1.90488 0.647236 2.00129
1.90587 0.650275 2.0001
2.15183 1.45837 1.6448
2.02281 6.02981 3.63153
0.28431 5.16422 5.74119
1.17293 5.78881 5.37463
1.74325 0.744126 1.75778
1.29241 0.410329 0.98952
2.13281 0.828138 2.09496
1.34928 6.21153 5.97464
2.14762 6.19784 3.27233
1.96283 0.538427 2.17625
2.3778 5.88123 3.52822
2.49118 5.4552 3.83352
1.60681 5.80894 4.64231
2.26242 1.0238 2.03786
2.1721 5.953 3.6049
2.28866 1.01228 2.07035
1.96907 5.48545 4.32286
2.14357 5.71076 3.92661
6.02699 2.48583 0.198865
1.06198 0.615416 0.902818
6.04685 4.40483 5.63445
6.05461 4.58741 5.20755
2.41621 0.685803 2.51393
2.11929 0.617826 2.28098
2.41123 5.43485 3.93495
0.541107 5.17686 5.40738
1.04115 5.12626 4.96409
0.787141 4.97804 4.97716
0.768554 4.97816 4.98683
6.23109 4.6932 5.06505
2.31855 0.221555 2.90332
2.17686 4.95972 4.53914
1.91582 5.93744 3.92813
2.25104 5.54326 3.98725
2.31616 0.937784 2.16607
5.9909 3.62457 6.12668
5.83308 3.74522 5.9616
0.34731 5.28003 5.76687
1.40926 0.194978 0.880908
2.05985 0.124818 2.91005
2.52837 0.942032 2.37262
4.69502 1.63717 1.57195
2.3683 5.1022 4.314
2.20875 1.32932 1.75139
0.991404 0.665917 0.876353
1.65789 0.394053 1.77779
1.03229 5.1248 4.96803
1.92973 6.15973 3.46102
1.55078 6.12439 4.83674
5.82551 3.15671 6.27574
2.49021 0.2935 2.91513
1.67803 0.0859022 2.46685
1.29992 0.228865 0.697976
2.37734 0.92394 2.23811
2.55931 1.12901 2.19371
1.41991 6.11251 5.43527
0.394584 5.83845 6.08727
2.12054 5.84117 3.79924
0.800456 1.12953 1.14105
0.723612 0.436486 0.390926
1.78117 0.310614 2.15779
2.07324 6.13973 3.39866
1.95499 0.319821 2.45526
1.2259 6.23613 6.15284
0.0717757 4.80097 5.60266
0.63779 5.35187 5.49955
0.566377 4.8006 4.85058
0.502918 4.9291 5.09309
0.188958 4.82662 5.25277
2.60984 1.327 1.97083
2.60066 1.07762 2.3007
2.22113 0.495038 2.5244
1.59329 5.96473 4.64426
2.01992 0.318223 2.54205
2.19056 5.56626 4.02639
1.63489 6.08104 4.4089
2.11176 1.17826 1.81457
2.14675 0.22854 2.79765
1.59234 0.599947 1.60229
2.12046 0.443858 2.48157
2.02186 0.0969147 2.94351
1.03911 1.05448 1.24853
1.8866 0.376868 2.26092
2.07371 0.718443 2.13239
2.67174 1.24037 2.16489
6.27441 4.6962 5.78679
1.28025 6.20843 6.03775
1.88269 5.58298 4.34695
2.39412 6.05226 3.35617
0.783141 0.942196 0.940047
2.13322 0.60518 2.30975
2.17341 1.43316 1.66581
2.59758 0.521513 2.80709
1.6397 0.147573 2.00547
1.51204 0.463579 1.45367
1.68903 0.277729 1.96559
0.756685 0.424194 0.403052
1.86887 0.930567 1.79577
6.202 4.47576 5.95775
1.75881 0.739722 1.77634
5.8453 4.14187 5.65285
2.01484 0.876689 1.94779
2.06827 0.152989 2.86492
0.217711 4.90458 5.43384
6.0165 4.56279 5.21654
1.63191 0.0265612 2.73198
0.162923 5.95478 6.22723
5.80533 4.18946 5.55125
2.03571 0.495536 2.31885
0.0155398 4.72546 5.41157
1.93147 0.139245 2.78582
5.83738 3.88788 5.86708
1.77671 0.379489 2.05324
2.39646 0.496011 2.67857
2.53712 0.237312 2.97606
2.33788 6.18755 3.24077
2.3129 0.382042 2.72862
1.94756 0.110518 2.86815
2.06927 0.288116 2.64301
6.04775 1.69144 1.10284
1.40153 5.83534 5.05417
1.43145 6.21055 5.80463
2.12564 1.15997 1.83449
1.17132 5.89459 5.51313
2.2721 0.833816 2.22474
2.45371 0.67776 2.55717
1.93828 5.54273 4.31371
1.8805 5.08479 4.58803
1.91897 6.14778 3.50068
5.73108 2.68044 0.297029
5.84461 2.76247 0.184733
2.06811 0.15339 2.86413
0.506466 5.68447 5.92138
6.25634 4.66641 5.75494
1.73938 5.83248 4.3742
2.44885 0.93213 2.30062
1.67337 5.85555 4.49026
1.84961 0.604232 1.96388
0.742057 1.14838 1.11499
1.84961 0.604232 1.96388
1.4049 0.0361384 0.21266
0.851897 0.435398 0.488567
1.50434 0.726126 1.49598
5.86319 4.25379 5.54788
1.93462 0.161249 2.73787
1.93672 0.148433 2.76952
1.73915 0.230972 2.19661
1.98451 1.01818 1.83522
1.31108 1.22227 1.47454
2.34478 6.0887 3.34046
2.40878 5.86496 3.5221
2.33134 5.95184 3.48853
1.99242 0.182514 2.75121
1.5919 0.139763 1.71969
1.96532 0.151243 2.79069
2.17401 6.27157 3.15846
2.18349 6.00282 3.53038
6.14635 1.67679 0.912946
1.18537 0.171146 0.402716
2.20018 0.832581 2.15591
2.17552 0.788009 2.17308
2.20135 5.35079 4.21596
2.38519 5.14066 4.26179
0.139158 0.195888 0.0277859
0.397762 5.37925 5.79289
0.516882 0.861905 0.585328
0.470271 0.0691039 0.0351675
1.4263 5.57271 4.87994
1.01698 6.25232 6.2333
2.4788 5.60445 3.7035
2.15628 0.324651 2.67188
0.732483 1.28658 1.25674
0.97899 1.08785 1.23193
1.99354 1.01074 1.84573
2.24558 0.859933 2.17402
2.42865 0.548519 2.65551
1.81266 0.353953 2.15945
2.15678 6.01481 3.53438
2.21179 6.04799 3.45237
2.44255 0.150191 3.01506
1.25217 0.708981 1.20366
0.521403 0.449853 0.270573
0.330276 1.26084 0.819394
2.05695 6.20727 3.28454
1.8877 6.25488 3.22772
1.45324 0.180781 0.99713
1.59905 0.91305 1.59262
1.54712 0.146315 1.41144
1.63013 5.87578 4.57559
1.44112 5.66084 4.89219
2.22076 5.3598 4.19073
0.419813 5.69307 5.99271
0.423334 5.69242 5.98973
1.01716 6.27726 6.2736
2.00063 1.32213 1.68668
1.14687 0.903283 1.22904
2.37158 0.935645 2.22071
1.96037 0.492071 2.22439
0.200222 5.82878 6.18437
5.96889 2.36478 0.309284
0.22834 1.37429 0.862456
6.08659 3.47428 6.21447
5.93757 4.03516 5.86217
1.93136 0.573819 2.09887
2.47442 1.11693 2.12532
1.78189 0.790863 1.77966
0.91092 0.541181 0.659075
1.46205 0.74252 1.45239
2.22296 5.53982 4.01922
2.22296 5.53982 4.01922
2.22296 5.53982 4.01922
1.17647 5.48834 5.10006
0.0601602 5.04291 6.10941
0.560654 6.21042 6.23745
5.92273 4.41521 5.39471
2.36211 0.94207 2.20516
2.31956 0.869942 2.23576
1.83178 0.406277 2.12638
1.00616 0.957751 1.15162
0.973581 0.971195 1.13566
1.07503 1.04272 1.2652
2.33886 1.30919 1.82387
1.29896 5.80942 5.21034
1.07829 0.439147 0.719048
1.42832 1.13789 1.5046
0.674888 1.23829 1.16341
0.758084 6.26983 6.27054
0.395872 5.92173 6.12648
0.288125 0.00181282 0.000537271
0.471715 0.0874145 0.0446765
0.533798 0.112372 0.0665974
0.36002 0.0196494 0.00739735
0.602029 6.10446 6.15969
0.566966 6.15743 6.20287
1.16734 5.70436 5.29103
0.419813 5.69307 5.99271
0.388967 5.74212 6.04172
0.523722 0.202348 0.117931
0.522061 0.215527 0.12529
0.599318 0.183552 0.126145
0.606968 0.0893521 0.062133
0.69263 0.168559 0.140278
0.395536 5.47675 5.87247
0.548275 6.19216 6.2275
0.555517 6.20307 6.23339
0.553803 6.19535 6.22879
0.371565 0.0163596 0.00637525
0.472051 0.357265 0.188321
0.55497 0.210628 0.13178
0.580223 5.25619 5.45743
0.431344 5.35706 5.73386
0.546762 5.55177 5.78322
0.488025 5.50552 5.80154
0.567325 5.74517 5.91983
0.64738 5.88273 5.97342
1.20307 6.08632 5.80546
0.539478 0.00549673 0.00329102
0.643178 6.17265 6.20019
0.553136 5.43585 5.67308
0.477259 5.45689 5.77174
0.526583 5.58151 5.82651
0.565162 5.77801 5.94587
0.604262 5.81554 5.9477
0.571806 5.70904 5.88875
2.64292 1.31401 2.02008
0.463417 5.68778 5.95678
0.567199 0.183364 0.117589
0.538176 0.174286 0.104723
0.645695 5.35284 5.49232
0.326493 5.16244 5.67186
0.564498 5.60576 5.81206
0.422179 5.43301 5.81037
0.589108 5.93723 6.04681
0.636217 5.73478 5.85928
0.882925 5.70979 5.61714
2.11906 1.31805 1.72724
1.22918 0.341615 0.785398
0.631324 6.20854 6.22856
0.709337 6.25544 6.25937
0.58136 6.18544 6.21884
0.622325 6.22802 6.24359
0.536777 5.15581 5.38602
0.60829 5.00954 5.12666
0.943072 5.49927 5.34152
0.715863 5.49502 5.56458
0.655444 5.70024 5.81398
0.671438 5.81476 5.90091
1.07405 5.93941 5.69955
1.13747 6.06233 5.83139
1.05607 0.137937 0.240684
1.13367 0.217956 0.442606
6.2328 3.70629 6.25125
0.575562 6.16921 6.20905
0.989655 6.25951 6.24715
0.569073 6.27802 6.27988
0.671963 6.2797 6.28041
0.768158 5.10927 5.12171
0.835974 5.30337 5.25744
0.487426 5.27616 5.58543
0.761315 5.53439 5.55837
0.423678 5.32684 5.71444
5.75967 2.03067 0.861653
0.595596 0.481269 0.340151
1.1296 6.12619 5.95976
6.04623 4.42047 5.60624
1.65321 0.375073 1.7776
2.0814 5.8988 3.76702
0.957139 6.20344 6.17022
1.28267 6.01623 5.53793
0.110316 0.965894 0.158865
6.27063 1.74415 0.0715982
0.233729 0.11033 0.0263684
1.58285 0.406217 1.59881
0.95886 0.222302 0.31159
2.40119 1.52879 1.61676
0.742354 4.99347 5.01729
0.59672 5.2485 5.431
0.478452 5.34254 5.66504
0.423678 5.32684 5.71444
6.05945 4.48805 5.49918
0.595596 0.481269 0.340151
1.5918 0.979378 1.58491
1.60875 5.40821 4.68068
1.78254 0.162385 2.49039
1.15105 5.9517 5.62622
0.975716 5.46287 5.27546
1.24252 6.06065 5.69678
6.27062 1.74415 0.0716253
0.826997 0.341475 0.368612
1.10199 0.353288 0.629344
0.95886 0.222302 0.31159
0.0930302 1.53851 1.23753
1.73232 5.47159 4.55898
0.663426 5.38683 5.50911
0.684752 5.22884 5.32005
0.612065 5.31983 5.49286
1.10839 5.43774 5.1285
6.02896 1.9171 0.624088
0.344869 0.468838 0.17998
0.973866 6.20953 6.17503
0.974996 5.73694 5.5522
0.784761 5.38758 5.3882
0.975716 5.46287 5.27546
0.653927 5.56207 5.69032
1.22139 6.23983 6.16469
0.757504 0.6114 0.585424
0.896451 0.0506433 0.063325
1.36768 6.0621 5.45414
0.823661 0.0106791 0.0115292
1.88208 0.571601 2.0346
1.39458 0.0412669 0.227857
1.45918 5.04025 4.75049
0.910946 5.18969 5.09399
1.98631 5.28932 4.43278
0.774616 5.49666 5.50744
1.18878 5.35266 5.00319
5.72357 2.17238 0.73969
0.399548 5.41411 5.81987
1.22439 0.0355155 0.0981179
1.17253 6.11045 5.89011
1.28434 6.05163 5.60815
1.52527 0.268461 1.40669
0.310269 5.08539 5.59676
0.648301 5.49359 5.63084
0.978916 6.23634 6.21356
1.01661 6.26631 6.25592
0.726999 6.22566 6.232
0.670286 0.0310455 0.0246133
0.823661 0.0106791 0.0115292
3.70019 1.5752 1.57784
1.4061 0.897773 1.43907
1.99365 5.02335 4.56876
1.90603 5.48695 4.38383
2.4583 0.0439278 3.10582
5.9801 3.00145 0.0440866
1.18878 5.35266 5.00319
2.11658 1.03661 1.91569
2.11658 1.03661 1.91569
5.88691 2.326 0.418247
0.935518 6.06228 5.9875
1.24064 5.09103 4.84789
1.71648 0.314283 1.9948
0.457497 4.90729 5.09372
1.11729 5.69137 5.33975
2.33554 5.64952 3.79509
1.72082 5.94736 4.3037
1.71927 5.7371 4.47106
0.795833 0.0982806 0.10034
0.875539 0.00773226 0.00926885
1.33852 5.84156 5.17631
6.14129 1.59375 1.41144
1.61854 0.898377 1.60882
6.10461 1.5868 1.48234
1.86945 5.46396 4.43225
2.36472 0.331264 2.81554
6.09921 3.0354 0.0198323
5.88401 2.99987 0.060113
6.01801 2.96201 0.0492617
0.179816 1.27568 0.538923
5.74642 2.34989 0.542323
1.41037 5.48094 4.86758
1.87371 5.463 4.42874
1.99366 5.30992 4.41522
1.57011 4.87706 4.7125
1.73817 0.471603 1.8907
1.14853 5.97382 5.66484
1.67717 5.86113 4.47894
1.36593 5.47365 4.90785
1.0392 5.67338 5.41207
0.974854 0.0712617 0.104868
1.58283 6.21113 4.54724
0.381624 4.76316 4.83834
1.3714 0.590091 1.27773
1.99268 5.53105 4.26509
2.22034 0.744566 2.26011
5.90051 2.92366 0.0889037
5.97483 3.15378 6.2793
5.8114 2.89075 0.129997
2.25353 5.27848 4.23542
1.89666 5.23612 4.51966
1.33426 5.43886 4.92339
2.24167 5.17806 4.33287
2.31783 5.20435 4.25172
1.55271 0.249031 1.49978
2.02871 0.0866891 2.96705
0.729032 0.100516 0.0898397
0.997031 6.09498 5.99661
1.89487 5.31109 4.4871
1.2624 0.522719 1.06574
1.18903 0.550058 0.99111
1.34257 1.44194 1.54071
2.3868 4.96441 4.44518
2.61657 0.813815 2.59156
2.53345 5.51015 3.73819
2.36881 0.713579 2.44048
0.480133 1.22558 0.966454
5.98119 2.06665 0.522504
2.52942 5.85188 3.45414
2.29141 5.88903 3.58393
1.51779 5.59706 4.77709
2.39287 5.49162 3.89647
1.4442 5.4223 4.82133
1.97577 5.25296 4.46057
2.05373 5.71462 4.02518
2.3657 1.3368 1.80912
1.71069 0.424352 1.87293
2.15842 6.24395 3.20046
1.91528 5.76852 4.14702
2.27021 5.18987 4.30184
1.66318 0.34584 1.82248
1.44397 0.540306 1.36134
1.82 0.462424 2.04286
6.22769 1.57815 1.43921
2.50228 1.29381 1.93603
2.02267 5.12088 4.50531
1.85982 5.57537 4.37797
1.17769 0.267944 0.584805
2.38463 5.78228 3.61891
2.52084 5.44506 3.81311
2.38111 5.73076 3.67201
0.728413 1.52128 1.51531
2.57509 1.50081 1.68057
2.87143 1.53203 1.70996
2.08367 1.38116 1.67847
2.03893 5.66225 4.09709
1.39759 5.86156 5.08432
1.69026 0.465761 1.80522
2.36752 5.56467 3.8489
1.56732 0.0164859 1.36291
1.52412 5.1408 4.73372
1.69242 0.385901 1.86303
1.68936 0.346564 1.88941
2.15749 1.41101 1.67753
5.51549 1.71305 1.42349
2.51608 1.25947 1.98993
1.42934 4.90785 4.74058
1.0669 5.49346 5.21264
1.52432 5.7061 4.78371
2.37049 5.81757 3.59584
2.51006 5.39291 3.87638
6.11966 1.75176 0.733785
5.98299 1.72571 1.10356
2.72806 1.52212 1.68135
2.8651 1.53714 1.6889
2.08654 1.22931 1.76963
1.85221 5.42484 4.46768
1.09814 5.35893 5.0807
1.48267 5.55059 4.81029
2.0956 5.85102 3.81431
1.15234 5.9782 5.6672
2.25175 6.24741 3.18574
2.2653 0.440477 2.62662
2.31525 0.554651 2.54959
1.89936 0.649992 1.99238
2.73918 1.45792 1.83108
1.87284 5.4504 4.43626
1.03584 5.54454 5.28931
2.4328 5.4302 3.91789
1.72083 5.97602 4.26767
2.53662 5.43167 3.80991
0.102903 4.72656 4.84875
0.878568 4.80016 4.78522
1.48822 5.2602 4.76284
1.43436 5.32026 4.80762
1.35001 5.56131 4.96201
1.48565 5.4271 4.78631
6.00124 1.77822 0.942468
0.800435 0.291079 0.299452
2.15429 5.26805 4.32337
1.67205 6.20314 3.80994
1.28741 0.168395 0.528386
2.42588 1.1493 2.04689
5.9266 4.41511 5.40064
2.24262 5.54996 3.98912
0.921562 1.50923 1.52404
2.14386 5.56077 4.08039
1.77998 5.8623 4.26956
1.33026 5.22129 4.84839
5.88291 1.77705 1.11157
2.24784 5.17175 4.33396
2.14021 5.0095 4.51885
1.59924 5.24529 4.69561
6.08292 1.64754 1.20867
2.27282 5.1653 4.32194
1.89274 5.62633 4.30413
2.0324 5.49067 4.25643
5.93664 1.96777 0.711066
1.64607 5.13277 4.67869
1.86499 5.93279 4.02021
2.17713 6.2825 3.14258
1.24037 0.0531288 0.153816
5.82549 4.14581 5.62431
2.30772 1.36194 1.76081
5.75777 1.82312 1.15237
5.72556 1.94539 1.00831
2.25472 5.65414 3.87032
2.27856 5.53915 3.96349
2.20097 5.14197 4.38991
2.1873 5.20915 4.34561
1.82526 5.19183 4.57797
1.68649 5.20764 4.6497
1.57627 5.4508 4.7074
1.40755 5.4679 4.86631
1.79494 0.355366 2.12166
1.87769 0.0186837 3.0827
1.27799 5.68452 5.1285
2.16257 5.78935 3.8169
2.18401 5.88196 3.6841
2.10406 0.202671 2.80661
5.65256 1.81647 1.23998
5.95521 1.64137 1.36597
2.39758 5.05821 4.3393
6.07055 1.75336 0.863328
2.41863 5.52397 3.83866
1.82364 5.15771 4.58969
2.39321 0.888474 2.28963
5.793 1.96711 0.905774
5.73197 1.82442 1.17179
1.61409 5.34215 4.68083
2.22926 0.0284394 3.10484
2.00157 0.46446 2.31306
2.19425 5.54416 4.04432
2.20191 5.73709 3.8353
2.0297 0.125587 2.89142
1.79169 0.0910252 2.75551
1.81222 1.07627 1.7028
1.7001 5.61914 4.54774
2.12385 4.84303 4.63146
1.79018 5.20438 4.59345
2.39547 5.07307 4.32498
0.655877 1.42931 1.38777
2.50805 5.21995 4.06433
6.01002 4.60303 5.08589
2.28314 5.65142 3.84458
6.01702 2.03992 0.493502
1.74364 5.47484 4.54716
5.79679 1.87488 1.03518
2.23784 5.51723 4.02636
1.31418 6.24382 6.13419
2.33444 5.84529 3.59644
2.52921 5.77341 3.51581
1.89872 6.15282 3.50943
2.32305 6.17795 3.25399
2.14316 0.546547 2.38488
2.52018 5.61832 3.6531
2.86333 1.54592 1.65766
2.77088 1.51591 1.71122
2.52211 5.18694 4.08813
0.657514 5.71808 5.82789
1.71909 5.45359 4.57649
5.89889 3.93739 5.89161
1.99624 5.00829 4.57513
2.26705 5.75342 3.75269
5.98188 2.05612 0.532486
5.77011 1.78595 1.20078
5.70626 1.85633 1.14705
2.23482 5.2347 4.28914
2.24566 5.46813 4.06628
1.8997 6.19146 3.40486
2.38554 5.70729 3.69099
1.75302 0.20705 2.29088
1.69725 0.193272 2.14687
2.51135 1.08409 2.19836
0.562961 1.51561 1.48348
0.209889 1.53488 1.40371
5.9663 1.62275 1.41353
2.29077 5.22828 4.25084
2.60339 0.794638 2.59523
1.50766 5.23663 4.74893
6.08815 4.21326 5.93554
5.90382 3.94906 5.88839
1.56714 4.93741 4.71322
2.48184 1.44332 1.73455
1.9528 5.97392 3.81348
1.42582 5.9288 5.08823
1.98254 5.21408 4.47729
0.981809 5.46803 5.2742
2.36958 5.31009 4.10217
1.47818 0.230428 1.1938
2.42431 6.17647 3.23477
2.47451 6.0863 3.2974
2.26601 5.9219 3.56694
1.76444 0.215847 2.30049
2.43939 1.35706 1.82193
0.6581 1.13383 1.0273
3.96761 1.57762 1.57708
-nan 4.71239 4.71239
2.52519 0.766555 2.54285
2.3727 0.612716 2.54432
2.58184 0.380922 2.89572
5.97619 4.13075 5.83391
3.25083 1.58092 1.66286
1.93638 5.27263 4.47673
1.50953 5.85372 4.84555
2.1719 5.0521 4.47461
1.47553 5.55017 4.81813
2.42106 5.07207 4.30773
2.30901 5.51828 3.95373
1.73041 6.2111 3.56323
2.33263 6.15002 3.28111
2.43745 5.62998 3.71798
2.03514 6.04877 3.58649
2.18809 0.944171 2.04549
0.226103 1.54125 1.44301
3.39183 1.57362 1.58186
2.41967 1.19173 1.99565
2.54699 1.05047 2.27374
5.8081 3.81293 5.89525
5.91495 3.77122 6.00916
5.82935 3.9937 5.7745
0.497175 4.76801 4.81464
2.15898 5.53233 4.09188
2.12581 5.16348 4.42062
5.40748 1.69006 1.47119
1.29656 5.44235 4.95901
1.57387 5.60079 4.70861
2.01722 5.59855 4.18209
2.39401 5.72907 3.66243
2.45849 0.792567 2.45146
2.1093 5.75034 3.92055
2.02918 5.94706 3.7577
2.71388 1.5049 1.71456
1.6144 4.83772 4.70689
4.88498 1.57713 1.56969
5.85368 2.13445 0.627082
5.84985 4.08003 5.71999
2.5121 0.757387 2.53854
5.82282 4.09601 5.67247
2.07496 5.26897 4.38171
2.12335 5.58323 4.08041
1.71374 5.33113 4.61027
1.66691 5.33451 4.64336
1.68531 5.47625 4.60267
1.24809 5.65106 5.14071
1.3964 5.79299 5.03128
6.03907 2.34545 0.249204
2.26913 5.76256 3.74086
2.19127 5.85854 3.70573
1.88786 5.54127 4.36861
1.97076 1.16204 1.75191
0.508237 1.50174 1.44727
6.14299 1.57707 1.52638
0.550434 1.53531 1.51302
2.43805 1.25214 1.94167
2.25486 0.727295 2.31245
2.2844 0.836352 2.23434
1.71593 5.7764 4.45494
6.00291 1.68657 1.18683
2.04005 5.39666 4.3202
1.8693 0.551655 2.03444
1.7275 4.92812 4.67778
2.1589 5.47928 4.14125
2.18496 5.3744 4.2099
1.74842 5.91337 4.27871
1.90957 0.456074 2.19368
1.86365 0.422302 2.16182
1.87886 6.23101 3.30426
2.10269 6.01731 3.57501
5.0929 1.64876 1.53956
0.0745475 1.54289 1.21312
5.03414 1.59963 1.56118
0.000537035 1.57069 1.377
0.927401 0.112663 0.149759
1.28158 5.36007 4.93382
5.95533 1.75258 1.07533
1.58217 1.32008 1.57371
1.77619 1.44109 1.59796
1.20441 5.22357 4.92438
2.12179 5.19156 4.40336
2.04822 6.00069 3.65289
2.57528 0.26997 2.96744
2.22758 0.705396 2.30657
1.93473 0.139919 2.78743
1.58947 6.21074 4.4605
2.07793 0.128977 2.91227
5.3941 1.74616 1.42799
5.17604 1.6065 1.55294
5.90268 1.81577 1.0122
1.55464 1.35773 1.5673
1.38878 1.36581 1.53255
4.97864 1.62363 1.55637
2.51966 5.42877 3.83038
2.5686 6.12783 3.2423
5.8322 2.34975 0.456063
1.47457 6.04798 5.09529
5.78125 2.78889 0.199336
2.05414 6.16839 3.35784
2.311 6.03344 3.41389
2.20985 6.20978 3.24023
1.25531 1.38166 1.5084
6.00289 1.6996 1.14802
5.96672 1.82019 0.909748
1.58275 5.47085 4.70106
1.10759 1.46294 1.51677
0.672522 1.47792 1.45437
1.6421 1.2021 1.59839
2.08655 5.77812 3.91445
6.13187 1.77053 0.645575
1.58502 6.24441 4.36094
1.81149 5.81257 4.26286
1.51166 6.10741 5.03414
1.23193 6.25732 6.20992
2.51527 6.07639 3.29223
2.23408 5.54409 4.00366
1.94378 0.74068 1.97517
0.934064 1.43871 1.47287
6.07702 1.72828 0.921384
5.90404 1.65119 1.37128
2.28163 4.99937 4.46356
2.01027 0.245484 2.65197
5.99241 1.70624 1.14348
2.53671 5.99348 3.34483
1.33406 5.93975 5.30589
1.64633 5.83332 4.55694
2.36535 0.225198 2.92035
1.49872 6.01125 4.96575
0.998891 5.72068 5.50816
2.55645 5.48161 3.74173
5.83046 2.39603 0.422134
1.86558 1.19501 1.69002
6.05411 1.75009 0.910038
1.07668 0.583598 0.886497
0.7376 1.33502 1.31232
1.71109 4.8721 4.68964
2.46193 0.787171 2.46019
1.22041 5.88683 5.43024
5.88981 1.78231 1.09331
2.30595 5.03549 4.41839
2.34015 1.51377 1.62603
1.47665 0.186643 1.10715
2.48769 5.81479 3.51149
5.90795 2.31891 0.401378
2.33423 5.17166 4.27035
2.12347 5.95568 3.64506
6.03616 2.18956 0.340372
2.24285 0.762894 2.26489
0.6841 0.152432 0.124626
0.325397 1.18991 0.700149
1.95898 0.369528 2.38333
2.31665 5.36315 4.09935
5.82016 2.25267 0.551357
5.69143 2.02061 0.947839
1.38388 5.10701 4.79099
1.10833 0.96518 1.23841
5.86141 2.39094 0.396397
5.82781 2.40994 0.414253
1.76301 5.4281 4.54475
2.12347 5.95568 3.64506
2.06285 0.3964 2.47864
2.51144 1.01579 2.27534
0.743975 0.470242 0.437569
2.312 4.9595 4.48547
5.90352 1.64791 1.37951
2.30138 5.36463 4.11229
6.02779 1.90062 0.651595
1.95879 5.20331 4.49728
1.34884 4.9935 4.77746
2.38024 5.39539 4.00573
2.23573 5.53181 4.01415
