2.18166 0.196597 2.86447
2.17727 0.362504 2.64126
2.11619 0.15013 2.89728
2.26289 0.165989 2.94216
2.09924 0.317956 2.62827
2.01233 0.355714 2.47543
2.03295 0.623813 2.17624
1.52736 0.263304 1.41093
2.37343 6.23198 3.19107
2.2775 0.387395 2.6958
2.48473 0.664082 2.59859
1.25373 0.583924 1.10988
1.68352 0.87914 1.66427
1.28309 0.815092 1.29886
0.557982 1.43798 1.35993
0.0306049 4.74988 5.5987
2.36348 5.40677 4.01084
2.72092 1.52233 1.6788
0.376175 1.4644 1.30673
1.18668 0.997391 1.31547
0.40095 1.53213 1.47978
-nan 4.71239 4.71239
2.37627 5.33176 4.07392
1.53506 6.14782 4.9691
1.54695 6.18308 4.94557
1.60786 5.93378 4.61096
1.47482 5.68285 4.8521
5.74701 3.39325 6.13157
2.16993 0.683051 2.26898
5.86418 4.13428 5.68423
5.72598 2.27218 0.635548
1.14411 6.09688 5.89014
0.100093 5.13298 6.06232
0.311123 5.07067 5.5736
0.695685 5.53901 5.62777
0.785398 0.880996 0.880996
0.499413 1.219 0.978533
0.86437 0.800714 0.879459
1.27349 0.734497 1.2437
1.04293 0.490196 0.741179
2.26131 0.536335 2.51789
2.17279 6.24239 3.20093
1.53651 0.109313 1.26791
2.184 5.07116 4.45438
1.95137 6.27394 3.16471
2.33502 0.322127 2.80653
2.32969 1.11915 2.00196
0.993582 0.264231 0.393778
1.68145 0.147078 2.2143
2.25915 0.166767 2.93974
1.96615 0.148894 2.79654
2.22507 0.216759 2.86199
2.13883 0.396261 2.5613
1.56388 6.21414 4.81206
1.57421 6.21054 4.66555
1.00267 0.741037 0.961659
2.05311 0.576259 2.24899
1.23833 6.20196 6.05164
2.03359 5.49942 4.24829
1.44009 5.15258 4.77423
5.5225 1.67571 1.4606
0.62517 4.75965 4.77782
0.442602 1.40061 1.22297
0.560204 1.33098 1.19908
1.24515 5.88932 5.3947
5.0929 1.57806 1.56789
2.35764 5.32083 4.10259
2.35764 5.32083 4.10259
0.857528 6.07765 6.04674
1.99591 0.102788 2.91757
1.37968 1.32839 1.52299
2.48881 0.619054 2.64277
1.93637 5.39902 4.40835
2.08575 0.631722 2.22905
5.94305 4.20718 5.71398
0.980234 0.426441 0.595613
1.31786 5.83451 5.20512
1.38631 0.070875 0.363527
2.03724 1.51673 1.59804
2.23049 6.26373 3.16668
5.89948 2.45259 0.321026
2.3724 0.529319 2.62629
5.41531 1.60259 1.54386
1.11669 1.11534 1.33611
1.78848 0.140317 2.57329
1.2535 0.353085 0.842926
0.165169 0.790297 0.166765
1.63346 5.81813 4.58798
1.71905 6.15918 3.83708
2.22734 5.99618 3.50738
1.82358 0.123103 2.69489
6.19334 3.92699 6.19334
6.2044 3.95924 6.19917
2.28834 0.513252 2.56815
1.86131 5.98952 3.9327
2.40878 1.05841 2.1294
1.01343 0.22971 0.358917
1.27486 6.12819 5.80961
1.9752 6.01028 3.72075
1.86136 5.98367 3.94308
1.60647 0.680877 1.61482
1.05165 4.92775 4.83674
1.77964 0.396944 2.0389
2.18478 5.4304 4.16048
1.10989 5.12102 4.92419
1.10989 5.12102 4.92419
1.39458 0.0412669 0.227857
1.93467 4.91077 4.63598
1.01701 1.14028 1.29411
5.63981 1.68539 1.41849
1.90758 5.21381 4.52277
1.90758 5.21381 4.52277
2.15757 5.96636 3.59971
2.15175 5.94358 3.63527
1.60012 0.591144 1.61446
1.57058 0.651657 1.57051
1.50335 5.06777 4.73745
1.84775 5.11135 4.59312
0.156284 5.65631 6.16954
2.43879 5.43301 3.90898
1.74968 6.19485 3.59704
1.87862 0.71806 1.91981
1.27129 0.947233 1.35222
2.36898 1.15699 1.99411
1.58815 0.88206 1.58508
2.62181 1.18077 2.19373
1.50664 6.21477 5.46554
1.76998 0.0099068 3.09255
2.02623 6.21782 3.27446
1.5489 0.112174 1.37875
1.83147 0.133997 2.67365
2.23493 1.46872 1.65081
1.63809 0.121157 2.07638
2.5154 0.637927 2.6494
0.0385531 0.829286 0.0420908
2.31806 0.734402 2.36911
2.0582 5.99236 3.65564
1.90996 0.0133695 3.10371
2.27367 0.641965 2.41858
2.16508 1.02913 1.957
2.11916 0.0476145 3.06374
2.4086 5.89042 3.4986
2.12389 5.99077 3.5953
0.546757 0.654161 0.436662
1.28303 5.33878 4.92338
1.48034 0.73426 1.47064
2.38098 5.34784 4.05308
0.547966 4.86103 4.95299
2.05135 5.498 4.23166
2.40119 1.52879 1.61676
0.256083 4.80878 5.06615
1.17223 1.32846 1.46708
2.03601 0.602572 2.20117
2.2467 1.3558 1.74415
2.12298 5.46791 4.18654
2.17456 0.796797 2.16395
2.30278 0.669234 2.41973
2.39948 6.06488 3.34228
1.41672 6.19273 5.75456
0.808382 0.826897 0.849758
2.37989 5.26483 4.13855
2.1412 5.49189 4.14733
2.36045 5.39471 4.0259
2.16656 0.298283 2.71582
2.16904 1.33506 1.73307
6.01827 4.58007 5.16848
0.487888 1.41079 1.27557
2.20834 5.03788 4.46741
1.7485 0.820623 1.73663
2.05999 0.241406 2.7084
0.393501 0.600178 0.276835
0.634064 0.0963208 0.070931
0.24833 6.05511 6.2244
1.51146 0.15711 1.21203
1.72877 6.03947 4.14263
1.72272 0.195216 2.22967
1.9106 0.0782815 2.92324
2.43126 0.261849 2.91504
2.43126 0.261849 2.91504
5.77492 3.18376 6.25969
1.50772 0.247454 1.32582
2.55177 0.468896 2.8147
2.26322 0.132543 2.98221
1.92895 0.0621449 2.97685
2.3336 5.33401 4.112
2.27323 0.933082 2.131
2.52409 0.965208 2.34352
1.93805 0.526581 2.1554
2.35995 5.28408 4.13727
0.367488 4.93635 5.24666
2.85552 1.55741 1.61628
0.153179 4.79861 5.22278
1.89349 5.1237 4.56755
2.21692 1.15619 1.89126
1.0682 1.37689 1.46327
1.95564 5.98709 3.78712
1.95565 5.96878 3.81807
2.5052 0.0143625 3.13098
1.78253 5.3827 4.5436
1.90488 0.647236 2.00129
1.90587 0.650275 2.0001
2.15183 1.45837 1.6448
2.02281 6.02981 3.63153
0.28431 5.16422 5.74119
1.17293 5.78881 5.37463
1.74325 0.744126 1.75778
1.29241 0.410329 0.98952
2.13281 0.828138 2.09496
1.34928 6.21153 5.97464
2.14762 6.19784 3.27233
1.96283 0.538427 2.17625
2.3778 5.88123 3.52822
2.49118 5.4552 3.83352
1.60681 5.80894 4.64231
2.26242 1.0238 2.03786
0.356434 6.09907 6.21396
2.55576 1.13671 2.18062
1.96907 5.48545 4.32286
2.14357 5.71076 3.92661
6.02699 2.48583 0.198865
1.06198 0.615416 0.902818
6.04685 4.40483 5.63445
6.05461 4.58741 5.20755
2.41621 0.685803 2.51393
2.11929 0.617826 2.28098
2.41123 5.43485 3.93495
0.541107 5.17686 5.40738
1.04115 5.12626 4.96409
0.787141 4.97804 4.97716
0.768554 4.97816 4.98683
6.23109 4.6932 5.06505
2.31855 0.221555 2.90332
2.17686 4.95972 4.53914
1.91582 5.93744 3.92813
2.25104 5.54326 3.98725
2.31616 0.937784 2.16607
5.9909 3.62457 6.12668
5.83308 3.74522 5.9616
0.34731 5.28003 5.76687
1.40926 0.194978 0.880908
2.05985 0.124818 2.91005
2.52837 0.942032 2.37262
4.69502 1.63717 1.57195
2.3683 5.1022 4.314
2.20875 1.32932 1.75139
0.991404 0.665917 0.876353
1.65789 0.394053 1.77779
1.03229 5.1248 4.96803
1.92973 6.15973 3.46102
1.55078 6.12439 4.83674
5.82551 3.15671 6.27574
2.49021 0.2935 2.91513
1.67803 0.0859022 2.46685
1.29992 0.228865 0.697976
2.37734 0.92394 2.23811
2.55931 1.12901 2.19371
1.41991 6.11251 5.43527
0.394584 5.83845 6.08727
1.99551 5.78275 4.02142
0.800456 1.12953 1.14105
0.723612 0.436486 0.390926
1.78117 0.310614 2.15779
2.07324 6.13973 3.39866
1.95499 0.319821 2.45526
1.2259 6.23613 6.15284
0.0717757 4.80097 5.60266
0.63779 5.35187 5.49955
0.566377 4.8006 4.85058
0.502918 4.9291 5.09309
0.188958 4.82662 5.25277
2.60984 1.327 1.97083
2.60066 1.07762 2.3007
2.22113 0.495038 2.5244
1.59329 5.96473 4.64426
2.01992 0.318223 2.54205
2.19056 5.56626 4.02639
1.63489 6.08104 4.4089
2.11176 1.17826 1.81457
2.14675 0.22854 2.79765
1.59234 0.599947 1.60229
2.12046 0.443858 2.48157
2.02186 0.0969147 2.94351
1.03911 1.05448 1.24853
1.8866 0.376868 2.26092
2.07371 0.718443 2.13239
2.67174 1.24037 2.16489
6.27441 4.6962 5.78679
1.28025 6.20843 6.03775
1.88269 5.58298 4.34695
2.39412 6.05226 3.35617
0.783141 0.942196 0.940047
2.13322 0.60518 2.30975
2.17341 1.43316 1.66581
2.59758 0.521513 2.80709
1.6397 0.147573 2.00547
1.51204 0.463579 1.45367
1.68903 0.277729 1.96559
0.756685 0.424194 0.403052
1.86887 0.930567 1.79577
6.202 4.47576 5.95775
1.75881 0.739722 1.77634
5.8453 4.14187 5.65285
2.01484 0.876689 1.94779
2.06827 0.152989 2.86492
0.217711 4.90458 5.43384
6.0165 4.56279 5.21654
1.63191 0.0265612 2.73198
0.162923 5.95478 6.22723
5.80533 4.18946 5.55125
2.03571 0.495536 2.31885
0.0155398 4.72546 5.41157
1.93147 0.139245 2.78582
5.83738 3.88788 5.86708
1.77671 0.379489 2.05324
2.39646 0.496011 2.67857
2.53712 0.237312 2.97606
2.33788 6.18755 3.24077
2.3129 0.382042 2.72862
1.94756 0.110518 2.86815
2.06927 0.288116 2.64301
2.42988 5.08896 4.28251
1.40153 5.83534 5.05417
1.43145 6.21055 5.80463
2.12564 1.15997 1.83449
1.17132 5.89459 5.51313
2.06562 0.225349 2.73986
2.45371 0.67776 2.55717
1.93828 5.54273 4.31371
1.8805 5.08479 4.58803
1.91897 6.14778 3.50068
5.73108 2.68044 0.297029
5.84461 2.76247 0.184733
2.06811 0.15339 2.86413
0.506466 5.68447 5.92138
6.25634 4.66641 5.75494
1.73938 5.83248 4.3742
2.44885 0.93213 2.30062
1.67337 5.85555 4.49026
1.84961 0.604232 1.96388
0.742057 1.14838 1.11499
1.84961 0.604232 1.96388
1.4049 0.0361384 0.21266
0.851897 0.435398 0.488567
1.50434 0.726126 1.49598
5.86319 4.25379 5.54788
1.93462 0.161249 2.73787
1.93672 0.148433 2.76952
1.73915 0.230972 2.19661
1.98451 1.01818 1.83522
1.31108 1.22227 1.47454
2.34478 6.0887 3.34046
2.40878 5.86496 3.5221
2.33134 5.95184 3.48853
1.99242 0.182514 2.75121
1.5919 0.139763 1.71969
1.96532 0.151243 2.79069
2.17401 6.27157 3.15846
2.18349 6.00282 3.53038
6.14635 1.67679 0.912946
1.18537 0.171146 0.402716
2.20018 0.832581 2.15591
2.17552 0.788009 2.17308
2.20135 5.35079 4.21596
2.38519 5.14066 4.26179
0.139158 0.195888 0.0277859
0.397762 5.37925 5.79289
0.516882 0.861905 0.585328
0.470271 0.0691039 0.0351675
1.4263 5.57271 4.87994
1.01698 6.25232 6.2333
2.4788 5.60445 3.7035
2.15628 0.324651 2.67188
0.732483 1.28658 1.25674
0.97899 1.08785 1.23193
1.99354 1.01074 1.84573
2.24558 0.859933 2.17402
2.42865 0.548519 2.65551
1.81266 0.353953 2.15945
2.15678 6.01481 3.53438
2.21179 6.04799 3.45237
2.44255 0.150191 3.01506
1.25217 0.708981 1.20366
0.521403 0.449853 0.270573
0.330276 1.26084 0.819394
2.05695 6.20727 3.28454
1.8877 6.25488 3.22772
1.45324 0.180781 0.99713
1.59905 0.91305 1.59262
1.54712 0.146315 1.41144
1.63013 5.87578 4.57559
1.44112 5.66084 4.89219
2.22076 5.3598 4.19073
0.419813 5.69307 5.99271
0.423334 5.69242 5.98973
1.01716 6.27726 6.2736
2.00063 1.32213 1.68668
1.14687 0.903283 1.22904
2.37158 0.935645 2.22071
1.96037 0.492071 2.22439
0.200222 5.82878 6.18437
5.96889 2.36478 0.309284
0.22834 1.37429 0.862456
6.08659 3.47428 6.21447
5.93757 4.03516 5.86217
1.93136 0.573819 2.09887
2.47442 1.11693 2.12532
1.78189 0.790863 1.77966
0.91092 0.541181 0.659075
1.46205 0.74252 1.45239
2.22296 5.53982 4.01922
2.22296 5.53982 4.01922
2.22296 5.53982 4.01922
1.17647 5.48834 5.10006
0.0601602 5.04291 6.10941
0.560654 6.21042 6.23745
5.92273 4.41521 5.39471
2.36211 0.94207 2.20516
2.31956 0.869942 2.23576
1.83178 0.406277 2.12638
1.00616 0.957751 1.15162
0.973581 0.971195 1.13566
1.07503 1.04272 1.2652
2.33886 1.30919 1.82387
1.29896 5.80942 5.21034
1.07829 0.439147 0.719048
1.42832 1.13789 1.5046
0.674888 1.23829 1.16341
0.758084 6.26983 6.27054
0.395872 5.92173 6.12648
0.288125 0.00181282 0.000537271
0.471715 0.0874145 0.0446765
0.533798 0.112372 0.0665974
0.36002 0.0196494 0.00739735
0.602029 6.10446 6.15969
0.566966 6.15743 6.20287
1.16734 5.70436 5.29103
0.419813 5.69307 5.99271
0.388967 5.74212 6.04172
0.523722 0.202348 0.117931
0.522061 0.215527 0.12529
0.599318 0.183552 0.126145
0.606968 0.0893521 0.062133
0.69263 0.168559 0.140278
0.395536 5.47675 5.87247
0.548275 6.19216 6.2275
0.555517 6.20307 6.23339
0.553803 6.19535 6.22879
0.371565 0.0163596 0.00637525
0.472051 0.357265 0.188321
0.55497 0.210628 0.13178
0.580223 5.25619 5.45743
0.431344 5.35706 5.73386
0.546762 5.55177 5.78322
0.488025 5.50552 5.80154
0.567325 5.74517 5.91983
0.372686 5.49429 5.90812
6.27362 4.6372 6.15687
0.134902 0.648753 0.102552
0.381607 0.589642 0.262285
0.553136 5.43585 5.67308
0.477259 5.45689 5.77174
0.526583 5.58151 5.82651
0.565162 5.77801 5.94587
0.604262 5.81554 5.9477
0.246396 5.23973 5.8755
2.64292 1.31401 2.02008
0.463417 5.68778 5.95678
0.567199 0.183364 0.117589
0.538176 0.174286 0.104723
0.645695 5.35284 5.49232
0.326493 5.16244 5.67186
0.564498 5.60576 5.81206
0.422179 5.43301 5.81037
0.589108 5.93723 6.04681
0.636217 5.73478 5.85928
0.882925 5.70979 5.61714
2.11906 1.31805 1.72724
1.22918 0.341615 0.785398
0.631324 6.20854 6.22856
0.709337 6.25544 6.25937
0.58136 6.18544 6.21884
0.622325 6.22802 6.24359
0.536777 5.15581 5.38602
0.60829 5.00954 5.12666
0.943072 5.49927 5.34152
0.715863 5.49502 5.56458
0.655444 5.70024 5.81398
0.671438 5.81476 5.90091
1.07405 5.93941 5.69955
1.13747 6.06233 5.83139
1.05607 0.137937 0.240684
1.13367 0.217956 0.442606
6.2328 3.70629 6.25125
0.575562 6.16921 6.20905
0.989655 6.25951 6.24715
0.569073 6.27802 6.27988
0.671963 6.2797 6.28041
0.768158 5.10927 5.12171
0.835974 5.30337 5.25744
0.487426 5.27616 5.58543
0.761315 5.53439 5.55837
6.2818 4.69598 6.19903
5.75967 2.03067 0.861653
0.595596 0.481269 0.340151
1.1296 6.12619 5.95976
6.04623 4.42047 5.60624
1.65321 0.375073 1.7776
2.0814 5.8988 3.76702
0.957139 6.20344 6.17022
1.28267 6.01623 5.53793
0.110316 0.965894 0.158865
6.27063 1.74415 0.0715982
0.233729 0.11033 0.0263684
1.58285 0.406217 1.59881
0.95886 0.222302 0.31159
2.40119 1.52879 1.61676
0.742354 4.99347 5.01729
0.62025 5.27099 5.43122
2.21851 0.202232 2.87696
0.423678 5.32684 5.71444
6.05945 4.48805 5.49918
0.595596 0.481269 0.340151
1.5918 0.979378 1.58491
1.60875 5.40821 4.68068
1.78254 0.162385 2.49039
1.15105 5.9517 5.62622
0.975716 5.46287 5.27546
1.24252 6.06065 5.69678
6.27062 1.74415 0.0716253
0.826997 0.341475 0.368612
1.10199 0.353288 0.629344
0.95886 0.222302 0.31159
0.0930302 1.53851 1.23753
1.73232 5.47159 4.55898
0.632638 5.13544 5.26311
0.684752 5.22884 5.32005
0.612065 5.31983 5.49286
1.10839 5.43774 5.1285
6.02896 1.9171 0.624088
0.344869 0.468838 0.17998
0.973866 6.20953 6.17503
0.974996 5.73694 5.5522
0.784761 5.38758 5.3882
0.975716 5.46287 5.27546
0.653927 5.56207 5.69032
1.22139 6.23983 6.16469
0.757504 0.6114 0.585424
0.896451 0.0506433 0.063325
1.36768 6.0621 5.45414
0.823661 0.0106791 0.0115292
1.88208 0.571601 2.0346
1.39458 0.0412669 0.227857
1.45918 5.04025 4.75049
1.93608 5.06691 4.57176
1.98631 5.28932 4.43278
0.774616 5.49666 5.50744
1.18878 5.35266 5.00319
5.72357 2.17238 0.73969
0.399548 5.41411 5.81987
1.22439 0.0355155 0.0981179
1.17253 6.11045 5.89011
1.28434 6.05163 5.60815
1.52527 0.268461 1.40669
0.310269 5.08539 5.59676
0.648301 5.49359 5.63084
0.978916 6.23634 6.21356
1.01661 6.26631 6.25592
0.726999 6.22566 6.232
0.670286 0.0310455 0.0246133
0.823661 0.0106791 0.0115292
3.70019 1.5752 1.57784
1.4061 0.897773 1.43907
1.99365 5.02335 4.56876
0.796713 1.18655 1.19435
2.4583 0.0439278 3.10582
5.9801 3.00145 0.0440866
1.18878 5.35266 5.00319
2.11658 1.03661 1.91569
2.11658 1.03661 1.91569
5.88691 2.326 0.418247
0.935518 6.06228 5.9875
1.24064 5.09103 4.84789
1.71648 0.314283 1.9948
0.457497 4.90729 5.09372
1.11729 5.69137 5.33975
2.33554 5.64952 3.79509
1.72082 5.94736 4.3037
1.71927 5.7371 4.47106
0.795833 0.0982806 0.10034
0.875539 0.00773226 0.00926885
1.33852 5.84156 5.17631
1.73869 5.10125 4.64306
1.37108 0.862198 1.39902
6.10461 1.5868 1.48234
0.85811 1.12452 1.1787
2.36472 0.331264 2.81554
6.09921 3.0354 0.0198323
5.88401 2.99987 0.060113
6.01801 2.96201 0.0492617
0.179816 1.27568 0.538923
5.74642 2.34989 0.542323
1.41037 5.48094 4.86758
1.87371 5.463 4.42874
1.99366 5.30992 4.41522
1.57011 4.87706 4.7125
1.73817 0.471603 1.8907
1.14853 5.97382 5.66484
1.67717 5.86113 4.47894
1.36593 5.47365 4.90785
1.0392 5.67338 5.41207
0.974854 0.0712617 0.104868
1.58283 6.21113 4.54724
1.8311 1.14065 1.69239
0.678865 1.49747 1.47999
1.99268 5.53105 4.26509
2.22034 0.744566 2.26011
5.90051 2.92366 0.0889037
5.97483 3.15378 6.2793
5.8114 2.89075 0.129997
2.25353 5.27848 4.23542
1.89666 5.23612 4.51966
1.33426 5.43886 4.92339
2.24167 5.17806 4.33287
2.31783 5.20435 4.25172
1.55271 0.249031 1.49978
2.02871 0.0866891 2.96705
0.729032 0.100516 0.0898397
0.997031 6.09498 5.99661
1.89487 5.31109 4.4871
1.2624 0.522719 1.06574
1.18903 0.550058 0.99111
1.34257 1.44194 1.54071
2.92642 1.5491 1.66975
1.74903 1.35285 1.61067
2.53345 5.51015 3.73819
2.36881 0.713579 2.44048
0.480133 1.22558 0.966454
5.98119 2.06665 0.522504
2.52942 5.85188 3.45414
2.29141 5.88903 3.58393
1.51779 5.59706 4.77709
1.73074 5.31002 4.60302
1.4442 5.4223 4.82133
1.97577 5.25296 4.46057
2.05373 5.71462 4.02518
2.3657 1.3368 1.80912
1.71069 0.424352 1.87293
2.15842 6.24395 3.20046
1.91528 5.76852 4.14702
2.27021 5.18987 4.30184
1.66318 0.34584 1.82248
1.44397 0.540306 1.36134
1.82 0.462424 2.04286
2.81529 1.54044 1.6603
2.38199 1.51951 1.62479
2.02267 5.12088 4.50531
1.85982 5.57537 4.37797
1.17769 0.267944 0.584805
2.38463 5.78228 3.61891
2.52084 5.44506 3.81311
2.38111 5.73076 3.67201
0.728413 1.52128 1.51531
1.89255 1.50838 1.59163
2.87143 1.53203 1.70996
2.08367 1.38116 1.67847
2.03893 5.66225 4.09709
1.39759 5.86156 5.08432
1.69026 0.465761 1.80522
2.36752 5.56467 3.8489
1.56732 0.0164859 1.36291
1.52412 5.1408 4.73372
1.69242 0.385901 1.86303
1.68936 0.346564 1.88941
2.15749 1.41101 1.67753
2.66704 1.53112 1.64792
2.76382 1.48295 1.78918
1.42934 4.90785 4.74058
1.0669 5.49346 5.21264
1.52432 5.7061 4.78371
2.37049 5.81757 3.59584
2.51006 5.39291 3.87638
6.11966 1.75176 0.733785
5.98299 1.72571 1.10356
1.03441 5.70296 5.44905
1.54613 5.24904 4.72706
2.08654 1.22931 1.76963
1.85221 5.42484 4.46768
1.09814 5.35893 5.0807
1.48267 5.55059 4.81029
2.0956 5.85102 3.81431
1.15234 5.9782 5.6672
2.25175 6.24741 3.18574
2.2653 0.440477 2.62662
2.31525 0.554651 2.54959
1.89936 0.649992 1.99238
2.66704 1.53112 1.64792
1.87284 5.4504 4.43626
1.03584 5.54454 5.28931
2.4328 5.4302 3.91789
1.72083 5.97602 4.26767
2.53662 5.43167 3.80991
0.242446 4.75394 4.87893
0.878568 4.80016 4.78522
2.19806 1.14848 1.88571
1.43436 5.32026 4.80762
1.35001 5.56131 4.96201
1.48565 5.4271 4.78631
6.00124 1.77822 0.942468
0.800435 0.291079 0.299452
2.15429 5.26805 4.32337
1.67205 6.20314 3.80994
1.28741 0.168395 0.528386
2.42588 1.1493 2.04689
6.05639 1.57377 1.5579
2.24262 5.54996 3.98912
0.921562 1.50923 1.52404
2.14386 5.56077 4.08039
1.77998 5.8623 4.26956
1.33026 5.22129 4.84839
5.88291 1.77705 1.11157
2.04343 5.23542 4.42571
2.14021 5.0095 4.51885
1.16935 4.97744 4.82711
5.74473 1.76662 1.25017
2.27282 5.1653 4.32194
1.89274 5.62633 4.30413
1.7743 0.373719 2.0552
5.93664 1.96777 0.711066
1.64607 5.13277 4.67869
1.86499 5.93279 4.02021
2.17713 6.2825 3.14258
1.24037 0.0531288 0.153816
6.16691 1.58052 1.48778
5.9262 4.55857 5.10635
5.75777 1.82312 1.15237
5.72556 1.94539 1.00831
2.25472 5.65414 3.87032
2.27856 5.53915 3.96349
5.57284 1.77243 1.33747
2.29661 5.19069 4.28119
1.89255 5.1248 4.56758
0.89448 5.3798 5.27634
2.30405 5.33384 4.13949
1.40755 5.4679 4.86631
1.76272 0.150512 2.47886
1.83677 0.467626 2.06552
1.27799 5.68452 5.1285
2.16257 5.78935 3.8169
1.86862 5.55272 4.38226
2.10406 0.202671 2.80661
5.65256 1.81647 1.23998
5.95521 1.64137 1.36597
2.39758 5.05821 4.3393
6.07055 1.75336 0.863328
2.41863 5.52397 3.83866
1.92305 5.52415 4.3427
1.09185 4.85458 4.78659
2.5567 5.28446 3.94099
1.2824 5.93932 5.40426
1.61409 5.34215 4.68083
2.2716 5.73947 3.76331
1.76034 6.22852 3.41944
2.19425 5.54416 4.04432
2.20191 5.73709 3.8353
0.885653 4.94083 4.90015
1.85375 0.0469806 2.98128
2.28013 1.20824 1.88557
6.09883 1.59064 1.46477
2.12385 4.84303 4.63146
1.79018 5.20438 4.59345
6.04296 1.87542 0.66186
0.655877 1.42931 1.38777
2.50805 5.21995 4.06433
2.08879 5.16971 4.43895
2.07414 5.11215 4.4838
6.01702 2.03992 0.493502
1.90531 5.27583 4.49624
5.79679 1.87488 1.03518
2.23784 5.51723 4.02636
1.31418 6.24382 6.13419
2.33444 5.84529 3.59644
2.52921 5.77341 3.51581
1.89211 0.193913 2.60856
5.98059 3.54901 6.14926
2.29283 6.27631 3.14939
6.1235 1.59682 1.41055
2.86333 1.54592 1.65766
2.24972 5.78053 3.73968
5.94866 2.07005 0.567448
0.73837 1.42408 1.40983
1.71909 5.45359 4.57649
5.89889 3.93739 5.89161
5.39032 1.69706 1.46893
1.5603 0.100396 1.467
1.29682 0.702415 1.25021
5.9786 1.75054 1.04672
1.72034 5.39042 4.59163
2.36619 5.11364 4.3039
1.87479 5.80735 4.16554
1.8997 6.19146 3.40486
2.38554 5.70729 3.69099
1.66695 0.0352277 2.79128
1.66343 6.24005 3.57651
2.51135 1.08409 2.19836
0.193844 1.37936 0.791793
5.79562 1.63526 1.44965
5.9663 1.62275 1.41353
2.22902 5.87272 3.65419
6.24597 1.66591 0.372047
1.50766 5.23663 4.74893
6.08815 4.21326 5.93554
5.90382 3.94906 5.88839
2.03315 4.88213 4.62717
2.15893 5.03024 4.49641
1.39215 6.12996 5.57566
0.790592 0.639699 0.644681
5.90315 2.87284 0.109575
1.11208 5.51112 5.18178
5.57346 1.63285 1.49859
2.5627 0.122566 3.06125
2.1103 0.108858 2.96105
2.3624 5.99194 3.42944
2.26601 5.9219 3.56694
1.76444 0.215847 2.30049
2.43939 1.35706 1.82193
0.619009 1.3565 1.27431
2.32508 1.52921 1.60987
2.40933 5.14463 4.23826
2.52519 0.766555 2.54285
2.3727 0.612716 2.54432
2.58184 0.380922 2.89572
5.97619 4.13075 5.83391
1.70668 4.84612 4.694
1.70554 4.93314 4.68198
1.27174 5.82524 5.27135
5.742 2.01666 0.898975
1.47553 5.55017 4.81813
4.90574 1.61434 1.56227
2.37066 5.62341 3.7874
2.19828 0.156401 2.9275
6.0181 2.33606 0.275447
2.34057 5.96402 3.47018
2.05209 5.979 3.68282
1.82424 5.77766 4.2747
0.780454 1.54055 1.54025
2.21216 1.30175 1.77384
2.41967 1.19173 1.99565
2.54699 1.05047 2.27374
5.8081 3.81293 5.89525
5.91495 3.77122 6.00916
5.82935 3.9937 5.7745
1.02844 4.8356 4.78688
2.03098 4.92905 4.60371
2.45736 5.28795 4.04042
1.92172 0.708626 1.97443
1.56904 5.30278 4.71357
5.81954 1.64566 1.42191
2.21866 5.22596 4.30891
2.26805 1.5582 1.58135
6.16254 1.64161 1.04142
1.00293 4.82024 4.78135
2.44531 5.68113 3.663
1.50876 5.56822 4.78381
0.236153 1.55806 1.51794
4.88498 1.57713 1.56969
5.85368 2.13445 0.627082
5.84985 4.08003 5.71999
2.5121 0.757387 2.53854
5.82282 4.09601 5.67247
2.07496 5.26897 4.38171
1.52122 4.86607 4.72007
2.10772 5.15193 4.43947
1.3965 5.27438 4.82282
1.16793 5.94615 5.59505
1.30449 5.86318 5.26072
1.55461 5.90458 4.75306
2.68005 0.888262 2.59248
0.143154 1.08092 0.264007
2.02357 0.408149 2.41495
2.1965 1.19255 1.8504
1.94984 5.73999 4.12923
0.236153 1.55806 1.51794
1.94484 1.44528 1.62028
0.550434 1.53531 1.51302
2.43805 1.25214 1.94167
2.25486 0.727295 2.31245
2.2844 0.836352 2.23434
1.71593 5.7764 4.45494
6.00291 1.68657 1.18683
2.29744 1.05841 2.03444
1.8693 0.551655 2.03444
2.15688 1.43069 1.66415
2.48291 5.35713 3.94144
2.43258 5.48183 3.86641
1.6919 0.477613 1.80173
1.76451 0.460019 1.94779
1.86365 0.422302 2.16182
5.61053 1.73197 1.36946
2.3979 1.26693 1.89933
2.39481 5.6701 3.71879
0.236153 1.55806 1.51794
2.22363 5.61256 3.94534
0.000537035 1.57069 1.377
0.927401 0.112663 0.149759
1.28158 5.36007 4.93382
5.91551 1.87477 0.887338
1.71269 1.04272 1.65394
1.77619 1.44109 1.59796
2.2667 5.21748 4.27971
2.30317 5.1389 4.32449
2.18681 5.66912 3.92492
2.57528 0.26997 2.96744
2.24121 0.720686 2.30517
1.93473 0.139919 2.78743
1.58947 6.21074 4.4605
2.25696 0.230681 2.86229
2.08587 1.43906 1.64566
5.69972 1.86951 1.13434
5.90268 1.81577 1.0122
1.9698 5.16663 4.50935
0.844164 1.3673 1.38939
4.97864 1.62363 1.55637
2.19482 5.08479 4.43822
0.724606 1.45043 1.435
2.46223 5.63274 3.69262
2.49098 5.47888 3.81051
5.78125 2.78889 0.199336
2.05414 6.16839 3.35784
2.1802 0.111437 2.98263
2.16188 6.1767 3.29953
2.01506 5.75435 4.02882
6.00289 1.6996 1.14802
5.93686 1.8428 0.912812
1.58275 5.47085 4.70106
5.71571 1.73232 1.32052
2.35242 4.93931 4.48711
1.72909 4.96313 4.67153
5.56585 1.75995 1.35477
6.02929 1.91696 0.62365
1.26692 5.62578 5.09825
5.85421 2.05983 0.709981
1.51166 6.10741 5.03414
1.23193 6.25732 6.20992
1.84443 0.0470057 2.97554
1.374 6.25807 6.15786
1.76592 1.34003 1.6172
1.065 1.4578 1.50803
5.93686 1.8428 0.912812
1.63164 4.88149 4.70199
2.13099 5.00881 4.52312
5.47552 1.69783 1.44925
0.0392777 1.56514 1.42776
1.85621 0.54967 2.01745
1.33406 5.93975 5.30589
1.44523 5.89861 5.01471
5.65369 1.80354 1.25616
1.39043 5.85556 5.09299
0.851966 5.91427 5.86713
6.10091 4.45317 5.67579
1.86148 0.355072 2.24968
2.63914 1.45685 1.77613
0.0957003 1.49922 0.929301
0.943497 0.407945 0.537573
1.51145 5.7597 4.81497
1.71109 4.8721 4.68964
0.36323 5.00381 5.3805
1.22041 5.88683 5.43024
1.04633 1.44954 1.50042
2.50712 5.34895 3.9248
2.47403 1.49647 1.66498
0.295869 0.43583 0.14101
6.045 2.05561 0.431903
1.70447 5.77085 4.4777
0.791315 1.36924 1.37155
2.5323 5.64521 3.61906
6.08554 2.92808 0.0433931
2.14113 0.885606 2.05365
0.943497 0.407945 0.537573
0.233528 1.1624 0.502616
1.68464 5.59657 4.57379
0.158595 1.52998 1.3208
2.26275 5.67578 3.83956
1.75528 1.3976 1.60343
2.26076 4.99882 4.47394
2.29744 1.29663 1.81577
2.46629 5.95631 3.40674
5.91632 2.59591 0.229216
2.13929 5.95701 3.62854
1.84957 6.27958 3.15417
2.58679 1.14695 2.2001
1.4828 1.01224 1.51572
0.307366 1.09993 0.557567
6.01667 1.82314 0.813972
5.85103 1.95478 0.851397
1.17117 5.95981 5.61242
2.24709 5.34565 4.17997
1.39071 1.50748 1.55926
6.18873 1.80808 0.373373
6.03821 1.69515 1.10715
1.12843 6.08577 5.88364
2.29215 6.07955 3.37222
6.1221 1.59189 1.4417
1.56041 5.5865 4.7248
2.28592 0.273539 2.82912
2.63565 0.689418 2.71316
2.28696 0.462777 2.62107
6.01667 1.82314 0.813972
6.05823 1.78605 0.808155
5.87095 1.81773 1.04787
2.26684 5.27974 4.22313
1.77312 1.43979 1.59782
5.81423 1.76209 1.20569
1.05774 1.0058 1.22777
0.659648 5.23787 5.35441
2.1779 5.84468 3.73544
1.58099 6.0241 4.67395
2.25283 5.83469 3.67655
2.62386 0.317787 2.95639
1.55516 6.26545 5.43475
5.88267 1.85643 0.964392
6.01534 1.86107 0.743073
1.62373 5.50782 4.65839
1.89481 5.91802 3.99158
1.96665 5.93922 3.85022
1.45504 5.04885 4.75303
0.906288 0.21218 0.268366
1.49176 5.8385 4.87709
1.68108 5.97602 4.37652
2.26592 6.26733 3.1606
5.82553 3.10594 0.0175652
5.86566 2.32969 0.43753
6.14126 1.70768 0.803694
1.93204 5.40735 4.40723
1.24098 4.99191 4.81033
6.01458 1.5875 1.51019
1.05165 0.0906599 0.157769
2.89442 1.55044 1.65132
1.99722 5.04328 4.55758
0.0446627 1.55194 1.17156
6.08456 1.6851 1.05243
5.87412 3.95784 5.85112
2.01583 1.05521 1.83478
6.12186 1.72564 0.806238
1.04799 5.82673 5.57749
2.81998 1.47728 1.8452
0.802748 6.21482 6.21242
0.0974812 5.04214 6.00487
5.70189 1.73412 1.32504
1.76393 5.3035 4.58187
1.05165 4.8572 4.79553
5.9399 3.74028 6.044
2.47375 1.19649 2.03286
5.73647 2.17188 0.725874
2.57573 1.33867 1.92708
6.02245 2.83058 0.0855539
2.66798 0.53318 2.84785
6.26223 1.67974 0.189322
0.892712 0.364674 0.442574
2.65902 1.43476 1.82636
2.57471 0.306734 2.94263
0.30935 5.18656 5.7262
5.73647 2.17188 0.725874
0.393433 0.62772 0.292547
0.518193 5.75282 5.96052
0.166317 4.89256 5.53856
0.511443 0.360352 0.208413
6.12591 4.22002 5.99573
6.04523 4.51089 5.41232
5.73356 2.16603 0.735383
6.06735 2.00533 0.441328
2.43281 5.3073 4.04425
2.0661 5.97691 3.67118
0.00225022 4.74363 6.2113
0.511335 6.01409 6.12966
0.511335 6.01409 6.12966
0.555246 6.16687 6.21083
5.93733 2.05869 0.596489
5.80125 2.50716 0.367461
1.00892 1.41722 1.47365
0.767946 5.23266 5.24785
0.595118 5.53589 5.72296
0.543847 6.02643 6.12574
0.511142 6.00813 6.12621
0.574993 6.0399 6.12371
0.624996 6.26742 6.27181
0.624305 6.27853 6.27983
0.767946 5.23266 5.24785
0.534718 5.43347 5.69025
0.501789 5.88999 6.05943
0.530395 5.92339 6.06606
0.486404 0.0697773 0.0369399
0.593627 0.301035 0.206525
0.526878 0.0780318 0.0454546
0.759086 5.23148 5.25446
0.606196 5.25001 5.42264
0.774118 5.50266 5.51394
0.567663 6.04524 6.12974
0.335179 6.22817 6.264
0.530871 0.0765897 0.0450226
0.499651 0.0491548 0.0268463
0.759086 5.23148 5.25446
2.41189 1.24659 1.93022
0.538692 5.27209 5.52138
0.720461 6.15506 6.17057
0.536024 0.0393242 0.0233679
0.488225 6.25678 6.26916
0.985358 6.07882 5.98019
1.58079 0.673085 1.58333
0.818058 5.5586 5.52605
1.90883 0.200791 2.61675
0.502455 5.71852 5.94821
1.16241 5.97095 5.64227
1.10531 5.83252 5.51647
1.36381 0.482442 1.18946
0.974068 5.44456 5.26058
0.80888 5.55445 5.53105
6.2261 1.63397 0.734693
0.527619 0.165969 0.0973037
0.527619 0.165969 0.0973037
0.71609 5.65794 5.72233
1.73037 0.384523 1.94934
1.35451 0.476535 1.16838
0.87341 5.50831 5.42015
0.539435 5.25126 5.49714
1.57507 1.2034 1.57244
0.517391 5.99316 6.11495
0.544501 0.0956341 0.0580247
0.5014 5.56859 5.83931
0.989351 5.76013 5.56303
0.773385 5.31871 5.33001
0.632573 5.23107 5.37399
2.32487 0.614267 2.49751
0.893598 5.66692 5.56102
0.80517 5.85186 5.83664
0.816994 6.24769 6.24538
0.848188 0.134982 0.15283
0.543338 0.112089 0.0678794
0.68717 5.64449 5.73595
1.01234 5.82009 5.60895
0.773385 5.31871 5.33001
0.998926 5.29967 5.11714
2.32487 0.614267 2.49751
0.685075 5.58957 5.68645
0.60409 0.323523 0.22741
0.651171 0.221002 0.169568
0.824546 6.0486 6.03025
0.836224 6.03659 6.01139
1.78976 1.37875 1.61404
0.900168 5.50396 5.38904
1.07453 0.568286 0.86749
0.872001 5.55047 5.46355
2.14113 5.31041 4.30042
2.37462 6.00592 3.4093
0.880126 5.67864 5.58695
0.866907 5.68692 5.6088
0.696671 0.2533 0.213273
0.54917 6.25155 6.26382
0.536538 6.25419 6.26594
0.520477 6.26091 6.27041
2.06516 5.07912 4.50824
1.30653 0.837186 1.33154
1.28216 5.78144 5.20851
1.79697 0.223855 2.36153
0.809924 5.91551 5.89875
1.05139 6.02586 5.85183
0.629194 6.14783 6.18438
2.00736 1.35381 1.6733
0.374111 5.21498 5.66296
0.857286 5.52536 5.4533
0.796038 5.47011 5.45949
1.15469 6.12155 5.92971
1.15419 6.11681 5.92049
0.778966 6.22757 6.22828
0.776606 6.21991 6.22101
2.15895 1.41456 1.67546
0.93437 0.770974 0.920523
0.634615 4.94701 5.02632
6.15264 4.47742 5.78151
2.57175 6.01344 3.31693
2.4337 5.7685 3.59237
1.361 6.10266 5.57456
2.55542 1.46347 1.73164
0.627695 5.36051 5.51913
2.47112 1.44941 1.72342
0.70336 5.76162 5.82973
2.45806 1.37603 1.80841
0.0355449 1.55212 1.08716
2.12448 0.294502 2.68544
2.50102 6.06521 3.30523
1.8765 5.84888 4.11493
2.3141 5.61896 3.8471
3.12521 1.56954 1.64714
6.16041 1.88794 0.359601
1.53899 5.79161 4.77174
0.780308 5.95081 5.95394
4.71239 5.16346 1.5708
1.26788 0.224775 0.631594
2.43074 0.520045 2.68353
2.09783 5.94055 3.69149
2.94649 1.53244 1.76262
5.39812 1.60794 1.5404
2.57702 1.49671 1.68745
1.37455 5.22929 4.82492
0.170368 0.148333 0.0257017
6.0239 3.65891 6.13338
2.53008 1.48497 1.69289
2.8241 1.50281 1.77512
2.17164 0.440233 2.53944
1.95188 5.96818 3.82438
0.166786 4.74742 4.91763
2.4564 1.47411 1.68892
2.40464 1.24995 1.92183
1.3088 5.92115 5.3285
1.26573 0.0313014 0.0991073
2.9393 1.54571 1.69253
3.22631 1.57992 1.67777
2.13112 0.345343 2.62095
1.72901 6.06089 4.09773
0.732924 4.86748 4.88435
1.96559 5.07116 4.55739
3.14159 1.5708 4.95737
0.881222 0.565933 0.656398
1.49068 6.03595 5.02039
1.16064 0.656451 1.05698
2.9272 1.54638 1.68247
3.04865 1.56069 1.67875
0.237576 0.702612 0.20224
1.3734 4.86739 4.74363
2.71469 1.42946 1.87397
2.55359 1.40565 1.81577
0.0228401 1.55021 0.837234
0.963851 0.782487 0.961121
1.16064 0.656451 1.05698
6.15883 1.65807 0.96007
2.23769 1.49964 1.62685
1.14417 4.81029 4.757
2.23177 5.626 3.92308
2.42751 5.4296 3.92383
2.28769 6.02662 3.43396
2.33228 1.15141 1.97267
1.12328 4.90527 4.80587
5.92521 4.35918 5.49048
0.267907 1.17268 0.578267
0.934779 0.187633 0.251689
0.585373 1.53961 1.52377
1.88238 1.49613 1.59488
3.14159 1.5708 1.69515
2.18337 5.6145 3.98545
5.0929 1.59311 1.56187
2.29969 6.15857 3.28097
2.56548 6.04393 3.29875
-nan 1.5708 1.5708
0.699342 1.36475 1.32725
2.23463 5.25403 4.27249
1.11346 5.8463 5.52401
0.401257 1.43512 1.2595
2.48228 1.42285 1.76078
1.91269 1.4787 1.60365
2.21784 5.05046 4.45276
2.1588 5.07116 4.46741
5.0929 1.59311 1.56187
5.82681 2.38723 0.432272
2.20391 5.70942 3.86361
5.41228 1.61826 1.53082
0.446719 1.49287 1.4092
1.44743 0.126484 0.798013
1.52921 1.44613 1.56558
1.63776 0.520298 1.68732
0.291457 1.56942 1.5662
1.76102 1.52087 1.58042
2.25375 4.92599 4.53772
5.21949 1.68283 1.50838
-nan 1.5708 1.5708
2.20094 6.05072 3.45546
1.50364 0.0791265 0.86734
2.3259 0.755104 2.35619
5.97681 1.6474 1.33275
1.13919 6.23078 6.16979
0.919734 6.17497 6.14155
1.44657 1.44618 1.55516
2.42988 1.41294 1.7533
0.197396 1.56988 1.5662
5.12608 1.63477 1.54268
5.69518 1.81577 1.21203
1.99492 5.80707 3.99323
1.3781 1.46865 1.5508
5.69757 1.61883 1.49844
1.49686 1.05841 1.52915
1.81576 1.38446 1.61789
5.64074 1.71933 1.37344
1.23807 0.133711 0.3712
6.14129 4.38841 5.88096
0.914667 5.48125 5.3526
2.49723 1.44728 1.73456
1.3423 1.51815 1.55854
4.38209 1.58653 1.57619
1.28251 0.903406 1.34123
2.05615 5.8918 3.80552
5.70411 1.74606 1.30631
0.663309 1.46867 1.44039
6.15425 1.61097 1.2702
1.77358 1.19601 1.6515
1.14325 5.95695 5.64451
0.753656 5.85322 5.87679
1.60204 1.41815 1.5756
0.609571 0.50097 0.365201
6.11604 4.62117 5.2092
1.70429 1.4205 1.59113
1.70944 1.48432 1.58289
1.42368 1.30223 1.53003
1.88383 5.95468 3.95284
1.99099 5.95507 3.79267
1.1634 1.36051 1.47895
0.457361 1.47784 1.3836
1.78486 5.67538 4.4095
5.88131 3.69582 6.02596
2.30521 5.72147 3.75031
1.78652 5.86645 4.25272
0.000963411 4.72549 6.20978
1.41658 1.49562 1.55909
0.558599 1.56932 1.56843
0.909435 5.46258 5.33992
6.07584 1.60783 1.39645
2.55153 5.86444 3.43125
1.5708 1.29663 1.5708
1.63179 4.90054 4.70076
1.75871 4.92085 4.67218
2.13949 1.38324 1.6915
1.73594 5.69518 4.46741
2.5134 0.780556 2.518
5.01089 1.66083 1.54303
1.5558 1.41789 1.56848
1.5247 1.44155 1.5648
2.21833 5.84247 3.6992
0.138006 1.5583 1.48104
2.55153 5.86444 3.43125
2.39607 5.81266 3.58062
1.06795 1.28474 1.41042
2.15292 0.0320446 3.09293
1.15911 5.77501 5.37727
1.62347 1.46203 1.57655
6.16192 4.64349 5.22763
1.68138 1.34719 1.59604
1.16848 1.53743 1.55659
1.62178 1.43807 1.57761
2.19219 5.79228 3.78288
2.48075 5.69943 3.61602
1.4339 1.30217 1.53289
2.22141 5.78577 3.7612
1.8491 5.07116 4.60565
1.5983 1.11591 1.58425
2.46623 0.327515 2.87588
1.93355 1.38825 1.64075
1.75152 0.0857236 2.70197
1.10709 1.32531 1.44616
0.555788 1.27266 1.11135
0.0723368 1.56552 1.49809
2.3011 5.75474 3.71936
5.60844 1.7005 1.40918
1.77887 5.49933 4.50369
5.77306 1.65305 1.42451
3.24986 1.58196 1.67312
1.60287 0.932394 1.5946
1.68353 1.38541 1.59203
1.92759 1.46918 1.60879
6.16945 1.78615 0.481244
1.72125 1.47155 1.58589
0.295399 1.37398 0.990734
0.0723368 1.56552 1.49809
2.29984 5.97832 3.48032
5.45828 1.64347 1.50363
1.78077 1.00474 1.70539
2.4733 5.07116 4.26894
2.02466 1.27311 1.71936
2.34251 1.464 1.67473
0.898407 1.53747 1.54426
1.38212 1.47221 1.55191
1.53781 1.39703 1.565
2.62737 1.51996 1.66062
1.7896 1.4595 1.59564
2.53679 1.23928 2.03284
1.7976 1.34269 1.62432
1.74501 5.14316 4.63168
2.18612 5.73543 3.85358
2.21306 1.25309 1.81201
1.77679 0.873604 1.74404
0.898407 1.53747 1.54426
5.03414 1.65394 1.54303
2.5511 1.53173 1.62905
2.59485 1.50997 1.67054
0.318159 1.35315 0.97947
0.0922215 1.49085 0.85691
2.53197 1.25121 2.01332
1.81578 1.5153 1.58468
1.01367 4.87666 4.81529
1.79417 5.7195 4.36739
2.23184 1.14794 1.90747
2.13255 1.07097 1.90185
1.92028 1.14493 1.73464
5.19074 1.64403 1.53277
2.34407 1.4875 1.6521
2.64121 5.95061 3.32826
2.7083 1.52187 1.67624
2.50543 1.51766 1.64268
2.91489 1.5074 1.83934
1.78947 5.07116 4.62925
2.00056 5.69518 4.1101
1.58382 1.41605 1.57283
2.1502 1.03363 1.9424
2.40023 1.2049 1.96713
1.92028 1.14493 1.73464
2.58299 1.54997 1.60412
2.15536 1.38185 1.69666
5.86277 2.42455 0.371658
2.45223 1.44617 1.72163
2.3771 1.50208 1.64244
1.10715 4.89774 4.80587
1.04272 5.07116 4.92775
2.17298 1.03394 1.95912
2.8952 1.5348 1.71301
6.23282 1.61208 0.884257
0.0951188 1.46971 0.754787
2.59258 1.37027 1.89158
0.0649892 1.43799 0.453319
2.55359 1.44644 1.75614
1.72061 5.00489 4.66697
5.49779 1.69515 1.44644
2.31552 1.48043 1.65413
0.0854119 4.73376 4.95703
2.89661 1.50838 1.81577
1.76819 5.27099 4.58803
1.91957 5.14215 4.54724
6.06307 1.77288 0.829376
2.42694 1.01972 2.18709
2.80008 1.45671 1.88265
5.83633 2.30787 0.485707
2.51839 1.29085 1.9513
4.2591 1.63402 1.60163
2.55311 1.42016 1.79444
2.71955 1.4045 1.92851
0.220096 4.77482 4.98487
0.798233 4.78878 4.78685
5.87829 1.92957 0.851966
0.13962 1.53933 1.35045
2.03444 1.44644 1.63322
6.06508 1.83929 0.678098
6.22324 1.58823 1.28807
1.76819 5.27099 4.58803
2.96537 1.5465 1.70645
6.11285 1.97932 0.378226
2.73133 1.41434 1.91873
2.83443 1.49036 1.81965
0.990004 4.80687 4.7745
2.7069 1.40163 1.92328
5.59394 1.61669 1.51512
5.69518 1.67046 1.42191
0.970554 6.07246 5.9803
2.18534 5.93938 3.61108
1.8491 5.1248 4.58803
1.96559 5.35589 4.4095
2.36297 5.89867 3.52142
6.08579 1.58216 1.51404
4.15676 1.62989 1.60751
2.20971 0.851966 2.14717
1.9513 1.54848 1.57972
2.25653 4.92618 4.53659
2.11583 1.38892 1.68184
5.42102 1.67974 1.47732
1.73869 4.85883 4.68739
0.685113 0.812924 0.712236
2.21577 5.96649 3.55243
2.59159 5.84152 3.42374
4.57575 1.64583 1.58113
1.90441 1.20353 1.70335
5.40713 1.60079 1.5458
2.24554 1.4158 1.69515
5.90058 2.20258 0.502758
2.44685 5.01527 4.35362
4.27255 1.5955 1.58242
1.89471 6.04319 3.77143
2.60657 6.10126 3.25019
2.32974 1.49969 1.63825
2.51105 1.47325 1.70407
1.13557 0.582464 0.956138
1.19029 4.81618 4.75403
2.02611 1.30804 1.70174
0.625946 1.47894 1.44406
2.22187 5.91921 3.60524
2.5216 0.227877 2.97752
1.93636 0.483226 2.20103
1.19726 0.413437 0.841658
1.89255 1.49594 1.59579
1.88874 1.14889 1.71746
1.67135 1.35413 1.593
1.48406 4.84233 4.72375
5.73884 2.20903 0.684453
2.3659 5.84334 3.574
2.1977 5.96887 3.56343
2.5216 0.227877 2.97752
0.348671 0.92532 0.449718
1.38726 0.364777 1.11832
0.854573 0.527293 0.589603
1.2945 1.27694 1.4852
1.65063 1.09062 1.61244
1.78947 4.89774 4.67075
1.89158 5.63433 4.29947
2.47236 5.10327 4.2321
0.410891 0.878905 0.484126
1.69492 0.48614 1.80266
1.4044 0.332659 1.11832
1.344 1.49152 1.55247
2.32664 5.6186 3.83508
1.15396 1.45685 1.52017
1.26274 1.10715 1.41303
1.67046 1.0122 1.63322
2.50701 1.03446 2.25011
2.33599 5.23304 4.209
6.20297 1.63072 0.929678
1.6734 5.70051 4.55739
1.55669 6.12361 4.79983
1.32149 1.35409 1.5148
2.0553 0.580035 2.24756
6.01208 4.34367 5.65961
6.19344 4.46823 5.93656
1.33971 1.33893 1.5153
2.3419 5.12555 4.30964
0.630315 0.628221 0.487339
2.47278 5.22045 4.09862
2.32664 5.6186 3.83508
1.45646 1.32036 1.54143
0.556138 1.47771 1.42173
1.59002 1.14938 1.57942
1.89291 5.39401 4.44795
2.3419 5.12555 4.30964
0.810257 6.22644 6.22355
0.646674 0.731453 0.595544
1.91488 5.80696 4.10523
0.910843 1.40517 1.4418
1.54001 0.212029 1.42868
1.97317 5.52751 4.28814
0.379201 0.17107 0.0687336
0.762259 6.10582 6.11369
1.91488 5.80696 4.10523
1.20771 1.38072 1.49783
6.00107 2.78092 0.108889
2.01832 5.71387 4.06889
0.755416 6.12644 6.13543
0.825187 5.92269 5.89561
1.08498 1.3758 1.46688
0.45464 5.67784 5.95702
0.886159 5.73031 5.63593
2.19959 5.31468 4.24874
0.667515 6.131 6.16288
1.4289 0.927295 1.46406
0.732712 1.43491 1.41999
1.62326 0.735982 1.62871
0.454474 5.67873 5.95772
2.19959 5.31468 4.24874
0.382123 0.7662 0.369019
1.05487 0.762501 1.03499
1.20925 1.28395 1.4597
1.10256 0.743507 1.06795
6.20627 4.59363 5.70975
2.01832 5.71387 4.06889
0.86217 1.35544 1.38545
1.21074 1.13804 1.39861
3.14159 1.5708 5.81506
1.43997 1.08517 1.50146
2.01832 5.71387 4.06889
1.19443 1.16057 1.40058
0.888011 5.43743 5.3368
1.342 1.22082 1.486
1.10256 0.743507 1.06795
0.927295 1.32582 1.38545
5.98153 1.71036 1.14672
1.38685 1.17874 1.49402
3.14159 1.5708 1.55826
1.26327 5.64123 5.11411
0.927295 1.32582 1.38545
1.71813 1.35171 1.60383
5.81954 1.60204 1.50838
1.62834 0.543402 1.66587
0.20738 1.37387 0.811974
1.64474 1.33424 1.58865
5.49779 1.61244 1.52915
2.62464 1.22478 2.13594
5.98153 1.71036 1.14672
0.257771 1.40502 1.00531
2.35588 1.44605 1.69546
5.63968 1.75614 1.32582
2.46685 0.588003 2.65164
5.73464 1.79607 1.21203
0.257771 1.40502 1.00531
5.81954 3.14159 3.14159
2.67794 1.44644 1.81578
2.14376 5.28583 4.3176
5.97157 4.44364 5.41979
5.30039 1.66427 1.50838
2.1146 1.36264 1.69781
6.24212 1.91856 0.112865
2.89661 1.5351 1.71269
2.43292 5.57684 3.77307
2.14376 5.28583 4.3176
6.25918 1.86098 0.0802231
2.89661 1.5351 1.71269
1.90553 1.41241 1.62629
2.1146 1.36264 1.69781
2.89661 1.5351 1.71269
0.813962 4.87174 4.86302
0.396093 1.28616 0.960328
3.92699 1.63322 1.63322
6.10484 1.73787 0.81866
1.47042 4.9236 4.73398
2.76109 1.50838 1.72579
1.97363 0.150428 2.79986
0.569273 0.776502 0.561226
0.0727663 4.76882 5.3717
1.81542 1.39618 1.6148
0.30066 4.97303 5.42277
1.29483 0.031767 0.111744
0.943503 0.527859 0.677312
1.53781 1.39703 1.565
1.17283 5.96369 5.61646
0.36327 0.284061 0.110532
0.0345714 1.54268 0.888098
6.21675 1.93428 0.173148
1.22353 0.241769 0.598074
1.00941 0.556399 0.779855
1.29938 4.85969 4.75366
3.14159 -nan 3.14159
5.67457 1.74785 1.31946
0.299464 0.408349 0.1328
0.811027 5.81944 5.79861
0.648812 0.504177 0.396268
0.826469 0.212531 0.230135
2.02709 0.464035 2.34647
1.3358 5.41578 4.91272
2.11866 5.03584 4.51063
0.106467 1.47811 0.854917
5.59379 1.75738 1.34567
2.73605 1.5141 1.70222
0.774168 5.83024 5.83901
0.659741 0.489197 0.391615
2.96965 1.52617 1.82252
0.752077 5.06016 5.08207
2.10004 5.08399 4.48828
6.27997 1.57398 0.789395
0.13022 4.73333 4.87096
2.56 1.44694 1.75793
1.23013 6.20453 6.0644
2.04019 6.16413 3.3732
2.43281 5.3073 4.04425
0.631454 0.315616 0.234416
1.35396 5.53367 4.94481
1.13417 1.34058 1.46185
1.06283 4.81134 4.7676
2.30861 1.34552 1.77619
0.188407 1.13152 0.385473
2.06144 5.46208 4.25085
5.75395 2.07414 0.815535
6.161 3.50679 6.23627
1.29559 5.15491 4.84541
5.49779 1.61244 1.52915
1.75528 1.3976 1.60343
1.8491 1.15839 1.69515
0.513144 6.21508 6.24477
1.0299 5.60847 5.35643
1.89045 5.52675 4.37504
2.28604 6.20374 3.23299
2.38418 5.30897 4.08952
1.22154 1.50734 1.54766
1.15222 4.80383 4.75316
6.10469 3.64508 6.18413
1.26274 1.06795 1.39755
1.89045 5.52675 4.37504
1.46224 5.44775 4.81066
2.14251 5.37353 4.24833
0.786265 1.37549 1.37582
2.63024 6.09481 3.24816
0.166317 4.89256 5.53856
0.249541 0.375083 0.100007
0.43566 1.45545 1.32686
1.09185 4.85458 4.78659
1.41003 4.97288 4.75559
0.506275 1.16331 0.909316
0.0974812 5.04214 6.00487
0.265332 5.71387 6.11099
0.463648 1.47732 1.38545
0.410529 5.81797 6.06808
1.13499 5.30642 5.01711
5.7099 1.68199 1.39955
5.73269 2.13468 0.770481
2.45884 1.4804 1.6818
6.09728 1.70146 0.960931
0.250335 5.38218 5.97087
0.403817 5.39222 5.79693
0.348602 4.78039 4.89764
2.44271 5.17109 4.18111
0.926317 0.155407 0.205525
0.448723 1.07437 0.726642
6.11214 4.09453 6.04476
0.395933 5.48191 5.87582
0.165135 4.78194 5.10833
0.362604 1.3973 1.13804
0.0201109 4.74721 5.75953
1.99167 1.27764 1.7051
6.20816 1.90121 0.215752
6.0861 4.3643 5.78013
2.35619 1.52915 1.61244
0.913948 4.81546 4.79198
1.12493 5.02789 4.86715
0.729761 6.03879 6.06371
0.324367 0.0576365 0.0193989
0.0597878 4.8299 5.81392
2.04816 5.19184 4.44967
0.938504 1.29017 1.36269
0.0493671 1.55092 1.1882
4.25961 1.62714 1.59823
2.80317 1.46781 1.8564
2.49532 0.80127 2.47999
2.43828 5.42869 3.91385
1.50447 5.10684 4.74003
1.69112 5.52752 4.58476
0.420663 0.755104 0.398522
6.01104 1.73649 1.03094
2.71621 1.28787 2.14133
5.79726 2.16501 0.663468
2.38877 0.161427 2.99019
0.819232 5.4819 5.44812
6.20242 1.82445 0.302628
1.73448 0.258358 2.1294
1.50303 1.35121 1.55565
6.01067 1.60777 1.43919
1.56041 5.5865 4.7248
2.34355 0.215968 2.92027
2.14653 0.62434 2.30411
5.88932 1.77576 1.10697
2.08974 0.610451 2.25547
1.22309 5.90198 5.44754
1.42067 1.01595 1.47732
2.20758 0.659333 2.33277
1.04561 5.92357 5.70765
2.61858 1.45661 1.76714
2.40214 5.79458 3.59306
1.12957 1.35469 1.46748
2.22241 5.43098 4.1241
1.77084 5.76952 4.36739
2.26805 1.5582 1.58135
2.46971 5.96092 3.40116
0.00990121 4.73036 5.77962
1.88516 5.8964 4.0387
2.00764 0.432193 2.36228
6.22375 1.64478 0.676516
1.05504 5.19362 5.00021
2.50954 1.34801 1.87084
1.49151 5.74352 4.84427
0.995169 5.7459 5.5405
2.24015 1.30946 1.77933
0.463648 4.83674 4.95737
2.29283 6.27631 3.14939
2.07691 0.198929 2.79275
1.24106 0.262744 0.666088
1.24106 0.262744 0.666088
1.89025 1.45996 1.60759
1.32484 1.30871 1.50356
2.60059 1.49874 1.69037
2.35996 1.45837 1.68406
2.28595 1.08682 1.99909
2.14411 1.43517 1.65868
0.896491 5.79989 5.70218
6.26272 4.54819 6.16029
2.07248 0.176382 2.8274
0.625596 1.26913 1.16408
0.754861 5.94102 5.95988
0.754861 5.94102 5.95988
2.65919 1.46025 1.77967
0.148183 4.74754 4.94376
0.344027 1.53773 1.47873
0.262484 4.77516 4.94218
0.950474 1.19989 1.2998
1.44226 4.91205 4.73854
0.463538 0.125148 0.0628028
2.70906 1.50956 1.70282
2.69681 1.51534 1.68673
2.69714 1.51514 1.68725
6.14624 4.68052 4.9397
6.14624 4.68052 4.9397
2.72361 1.49067 1.74966
1.10754 0.104114 0.206218
1.2068 0.124219 0.316709
0.25814 1.44381 1.12038
0.852371 5.45403 5.3877
1.39276 1.30991 1.52279
1.39654 5.34894 4.84179
0.312589 1.34736 0.957991
0.568237 1.11626 0.917542
1.80655 1.25355 1.64951
1.38644 1.32478 1.52401
1.46224 4.87281 4.73002
3.38598 1.59591 1.67118
6.14624 4.68052 4.9397
2.50094 1.45587 1.7244
0.356129 6.17637 6.24332
1.83476 5.03146 4.62334
1.00491 0.720574 0.944556
1.35213 5.22478 4.83674
1.04396 0.141126 0.239551
0.536929 4.88843 5.00278
0.278163 1.54399 1.47718
0.285929 1.54324 1.47732
2.14486 1.36454 1.70529
6.14955 1.9439 0.330827
5.92044 1.74098 1.14564
1.03151 5.58398 5.3309
2.57856 0.322093 2.93399
1.74248 0.189046 2.30705
1.96053 0.373354 2.37989
2.33159 6.238 3.18905
5.76404 1.65394 1.42598
1.95772 0.369139 2.3821
2.02876 0.022659 3.09565
1.81165 0.108276 2.72495
1.86261 0.258285 2.42023
5.99302 3.91747 5.9982
2.35619 3.14159 3.14159
5.88072 1.72639 1.21774
2.22322 0.602058 2.40912
2.19176 0.383743 2.62775
0.0380965 4.76224 5.63086
6.1443 2.28963 0.158416
5.94336 4.55065 5.14478
0.436796 1.42978 1.27561
5.86677 3.80154 5.95257
2.36901 5.95008 3.46685
2.35619 0.588003 2.55359
2.11897 0.11742 2.95075
2.36967 6.10958 3.31066
2.23187 0.0249639 3.1095
2.3209 0.393339 2.72262
2.29262 0.284764 2.82057
0.581661 5.3067 5.51149
6.08125 4.43525 5.65935
2.57551 0.276909 2.96292
2.21374 0.60845 2.39251
5.90389 3.07955 0.0247563
2.55952 0.0388497 3.11602
2.47875 0.88021 2.3846
0.708627 0.5406 0.475177
1.37456 6.03537 5.37836
0.164484 0.726642 0.146484
1.54598 0.195991 1.44644
2.19495 0.675516 2.30295
2.164 0.71706 2.22903
0.767174 6.22385 6.22597
6.16089 2.03444 0.241031
0.785398 3.14159 3.14159
1.69406 6.23602 3.50557
6.21351 4.60814 5.69493
1.30903 0.379432 0.979197
2.23111 0.321797 2.7361
2.09328 6.15016 3.36991
2.30031 0.930923 2.15797
6.15846 4.4318 5.87284
2.06617 0.0903255 2.97551
2.24764 0.0940541 3.02472
2.63749 0.64282 2.74981
2.34225 6.06664 3.36407
2.11716 6.12996 3.3903
1.8077 6.22898 3.36264
1.95922 6.17556 3.39974
2.21489 0.769509 2.23021
6.27072 1.58026 0.921444
2.38352 0.706556 2.46191
2.03444 0.143583 2.86011
0.26263 0.628796 0.193084
2.35619 0.259102 2.88249
2.50577 5.85238 3.46863
5.80005 2.72718 0.226796
2.06403 5.98366 3.66303
1.79605 6.02721 3.99327
1.62515 0.619577 1.64693
0.566729 5.91921 6.04535
5.79386 2.98016 0.0865045
2.27284 0.448402 2.62442
0.654409 0.384486 0.30099
1.82116 0.0305249 3.02275
2.03444 0.171526 2.80808
2.59832 6.20647 3.18798
2.59195 6.05366 3.28376
6.26727 1.81577 0.0635747
2.19386 6.08667 3.41188
2.16836 0.102247 2.99195
0.509238 4.94152 5.10806
2.10191 6.12354 3.40913
2.02167 0.063407 3.01119
0.0173896 1.10715 0.0347686
2.32759 6.18747 3.2429
2.10767 6.24819 3.20035
2.16292 0.07217 3.03452
2.50247 0.847856 2.44157
1.81007 0.141253 2.61383
6.23363 1.89656 0.145775
1.93282 6.25182 3.22424
2.1914 5.98407 3.54886
2.29412 0.522127 2.56406
5.7364 2.78039 0.226018
2.31423 0.56118 2.54189
2.59332 6.08218 3.2654
1.98854 6.12498 3.48663
0.0981027 5.67571 6.21487
5.95446 2.26671 0.387684
0.57223 5.04488 5.2045
2.08533 0.292343 2.65238
1.804 0.0569871 2.90587
1.83023 6.14229 3.63238
1.64145 0.0859416 2.25847
5.96691 2.21029 0.414518
2.05957 0.0725995 3.00568
6.21571 4.30795 6.12661
2.01198 6.22769 3.2587
1.6358 0.536879 1.67974
6.08157 2.45022 0.167582
2.46941 5.65354 3.66703
5.90582 2.21769 0.483261
6.25197 1.90538 0.089574
6.15426 4.0864 6.10575
2.11533 6.09448 3.44707
1.95901 6.03995 3.68697
0.733107 5.24109 5.28785
0.512401 5.81519 6.00617
6.11498 4.60476 5.27905
2.02743 6.26167 3.18536
2.12857 0.50681 2.41437
2.39852 0.582311 2.59753
1.55404 0.198948 1.48788
0.674741 4.79553 4.81618
6.18745 4.35981 6.0279
2.23932 5.70192 3.83541
2.26649 5.61983 3.89392
0.21655 5.09146 5.77858
0.0681058 1.46046 0.551872
2.07299 6.2027 3.28743
2.01465 5.90589 3.83637
0.450337 6.10283 6.19526
0.846052 5.98683 5.95113
2.53593 6.27973 3.14399
2.40902 0.560912 2.62721
6.25602 4.07107 6.2468
2.29744 0.837981 2.24554
0.226799 0.851966 0.257865
2.51172 0.560825 2.71225
2.50404 5.66926 3.62273
2.09937 5.83068 3.8358
1.68089 0.0940305 2.43527
1.93797 6.18098 3.40219
5.89803 2.89537 0.101534
0.836865 6.11073 6.09243
2.07299 6.2027 3.28743
1.88222 6.207 3.37443
0.793632 6.19629 6.19485
6.26467 4.29031 6.24197
0.534306 5.53943 5.78467
5.80694 3.31566 6.19272
2.44092 0.709749 2.51455
2.29054 0.380133 2.71392
5.85899 4.29998 5.48192
2.7707 1.51616 1.71051
2.58587 0.701471 2.65843
2.21652 6.06765 3.42437
1.98127 6.00759 3.71783
2.27218 0.726924 2.3304
1.47085 0.11659 0.862715
5.9597 2.2639 0.383655
2.44981 5.71661 3.62656
1.90512 0.00556368 3.12558
0.489957 6.08579 6.17692
1.36241 6.00838 5.35589
0.0149672 4.80909 6.13009
2.11922 0.227503 2.77937
2.16619 0.0855813 3.01561
2.35408 0.0672668 3.07404
2.30249 0.180506 2.9411
1.67152 0.673003 1.69691
2.58668 1.19674 2.13531
1.75278 0.445792 1.93838
2.20333 5.55576 4.02359
2.08793 5.85871 3.81305
2.20845 5.96079 3.56517
2.06574 0.236456 2.72171
0.555186 1.40933 1.31399
5.95849 2.69025 0.161731
2.12826 0.502009 2.41967
1.56201 0.0628461 1.43199
0.448244 5.97541 6.13149
0.655248 6.20623 6.224
2.11922 0.227503 2.77937
0.134321 1.52276 1.22899
0.144057 1.25531 0.418224
1.5708 0.519146 1.5708
2.45268 5.75705 3.58768
