1.28912 1.14872 1.44157
0.209191 4.98736 5.63807
0.310665 4.9654 5.39035
0.172435 4.79007 5.13268
0.406383 5.17177 5.56723
0.449408 5.11453 5.43506
0.695723 5.42928 5.51922
0.334319 4.89127 5.19234
6.14888 4.66068 5.07822
0.302145 4.97299 5.4201
0.334676 5.02241 5.45678
0.584323 0.319736 0.215573
1.21337 6.08488 5.78956
1.17969 6.09451 5.84951
1.39916 6.04076 5.32376
5.0658 2.40348 1.18552
5.39903 3.86904 5.45651
1.55777 6.15825 4.81577
1.34275 0.25413 0.841573
1.21829 0.240022 0.587048
4.84972 3.21898 5.77184
1.5708 3.14159 -nan
5.04293 3.77419 5.15016
6.22731 4.62388 5.7208
6.19901 4.52175 5.87103
5.97894 3.42671 6.19141
5.66089 3.49304 6.02597
0.6122 4.93297 5.02148
1.33864 5.44648 4.92256
0.174414 5.17138 5.94069
5.93723 3.99727 5.88978
0.0341514 1.54907 1.00424
5.78862 1.86399 1.06043
5.13901 2.36881 1.13459
5.81434 2.39398 0.439044
1.15366 0.173663 0.376949
1.06227 0.492234 0.766046
0.661254 0.206019 0.161203
0.955845 5.52481 5.35304
0.673284 0.205687 0.164901
0.68057 5.35017 5.45364
6.23688 4.66745 5.48281
0.0383804 4.75333 5.5301
0.196042 4.85989 5.35471
6.24904 4.67918 5.48382
0.447477 4.99333 5.25373
4.91526 2.85147 0.967475
0.428338 5.61722 5.93872
5.54413 4.2302 5.2337
0.140453 4.86919 5.55355
0.144783 4.87622 5.56042
0.342486 4.95233 5.31379
1.0966 5.35761 5.08105
6.20076 4.5587 5.79323
6.06197 4.31571 5.79046
1.11829 0.121805 0.24667
1.10751 5.34723 5.06496
6.24922 4.44346 6.16053
5.36514 3.81098 5.48062
5.14835 3.26009 6.03297
1.6135 0.0920301 2.0044
5.08049 3.70699 5.25856
1.1868 0.224259 0.513918
1.18019 0.218566 0.494687
5.5625 3.24679 6.19071
1.57005 0.00748489 1.47113
5.05593 3.79803 5.14709
5.14117 3.8187 5.22945
5.94565 2.62801 0.195443
0.118089 4.85744 5.60107
0.826993 6.16783 6.15791
4.77093 1.87578 1.55235
5.3351 3.65746 5.61469
0.244473 5.03687 5.64506
0.345988 5.0494 5.48357
0.364194 0.708378 0.315658
5.7864 3.09849 0.0233771
6.13603 4.42915 5.81216
1.53362 6.24216 5.44856
6.26474 4.70136 5.2513
1.93698 1.31863 1.66928
0.663236 5.26062 5.37582
0.0738901 4.89745 5.90662
0.711847 5.92015 5.96649
0.0990705 6.0545 6.26005
1.37586 0.531093 1.24652
6.18314 4.62074 5.45376
5.8589 4.03887 5.76809
5.89124 4.23731 5.60628
5.93583 4.4643 5.3229
0.243644 4.9049 5.37738
0.588003 5.01089 5.1448
4.32651 1.75708 1.64721
0.516593 5.30039 5.57749
0.428957 4.97029 5.23553
1.43041 5.79175 4.97053
0.683709 4.94229 4.99209
6.14191 4.25052 6.00489
5.83784 4.44572 5.23218
5.86837 4.14907 5.67431
0.892087 5.90802 5.82895
0.272877 5.32191 5.90197
0.829845 5.7428 5.70274
5.29983 3.87227 5.35141
5.18894 3.06931 0.139352
5.18894 3.06931 0.139352
0.108377 5.23346 6.09585
5.12256 3.7748 5.24719
1.22474 0.0957992 0.260452
1.64011 0.19281 1.91245
5.05086 3.38957 5.65965
5.05086 3.38957 5.65965
5.78274 4.24932 5.45232
5.70244 4.15351 5.47372
1.02826 6.26098 6.24636
1.02826 6.26098 6.24636
5.15745 3.46045 5.67778
5.33819 3.69597 5.57482
0.235022 1.54666 1.47032
5.43043 3.98205 5.37627
6.14116 4.43671 5.81516
0.844298 5.71125 5.65628
1.30112 6.26801 6.22835
1.35791 5.95357 5.27591
1.01392 6.0812 5.96542
0.148643 5.00667 5.82428
0.0457733 4.79442 5.77489
6.26556 4.68659 5.68397
6.21714 4.64439 5.51237
0.0521587 4.78253 5.64414
0.210619 5.48239 6.06618
1.56132 6.2152 4.85075
0.205917 4.92095 5.50436
0.867554 5.15284 5.09257
0.658868 5.24566 5.36378
6.18962 4.59964 5.59114
6.20152 4.37979 6.05054
6.20559 4.55568 5.82588
0.517913 5.27814 5.55184
0.828168 5.72272 5.68347
6.22045 4.65735 5.43236
5.44401 4.14479 5.2323
6.01549 4.41177 5.55886
1.10485 0.210841 0.402372
6.16365 4.31065 6.00766
0.087105 4.86352 5.76254
5.12713 3.85018 5.18694
4.90752 2.96364 0.738318
5.29924 3.83243 5.38979
1.57355 6.23166 4.65902
4.90101 2.79594 1.08337
1.29292 0.0212169 0.0742517
0.918966 5.59382 5.45927
1.33361 6.07409 5.56277
5.27365 3.85184 5.34368
0.795404 5.13044 5.12306
0.795404 5.13044 5.12306
0.587245 1.10834 0.927943
4.98227 3.78361 5.06675
1.28859 5.48853 4.98968
5.10672 3.80652 5.20034
5.49681 4.00596 5.41785
5.05046 3.97441 5.02183
0.473336 5.36282 5.69072
1.18455 6.11808 5.89434
4.70946 2.63089 1.57602
1.25706 0.178555 0.507629
1.5022 0.0570718 0.693709
0.84971 6.1131 6.09023
0.287293 5.00637 5.50996
0.580421 0.0380016 0.0249272
0.332281 5.25281 5.76126
0.654261 4.91396 4.97278
0.124627 4.79201 5.2795
6.02055 4.19194 5.84459
0.129275 4.99362 5.86033
0.115263 4.85071 5.58944
0.211514 4.87578 5.36717
0.206645 4.87061 5.36295
0.0889658 4.76064 5.20857
0.245335 4.99956 5.57997
5.07116 1.7884 1.48807
0.135386 4.79878 5.27873
0.0385866 4.75876 5.58923
5.576 4.06704 5.43457
0.957687 5.57792 5.40303
0.779407 5.32992 5.33559
0.609285 5.63182 5.79425
5.14794 3.83614 5.22185
5.09253 2.72506 0.83623
1.5768 6.23255 4.59445
4.94223 2.73193 1.07658
5.03782 3.46499 5.50116
1.25105 5.84913 5.33265
1.37925 0.0394173 0.20063
5.96555 4.39339 5.50008
6.03752 4.46729 5.49659
0.106071 4.81714 5.49149
5.72201 3.55402 6.0148
0.979647 5.60421 5.40621
0.982636 5.61371 5.41262
0.0700292 4.82185 5.71513
5.96372 4.44543 5.40324
5.58486 2.26202 0.792619
5.55301 3.01333 0.114951
0.939448 5.7592 5.61437
0.75695 5.61261 5.64013
1.01292 5.55389 5.32193
6.24068 1.93725 0.110365
6.19469 4.63499 5.43069
0.526858 5.48741 5.74726
5.72083 4.40118 5.18431
5.77546 4.16966 5.53809
5.7083 3.97087 5.66753
1.44944 5.87173 4.98492
0.00549929 1.56709 0.977384
1.25102 5.59833 5.09758
5.13476 3.57813 5.47908
5.62656 4.18828 5.35589
2.25192 1.3308 1.7666
0.418303 0.265742 0.120409
1.27955 5.31814 4.9171
4.76788 2.62707 1.47285
1.0653 5.2828 5.05358
1.0653 5.2828 5.05358
5.47267 4.07347 5.32743
5.26921 2.52323 0.851948
5.11799 3.0677 0.170717
4.96079 2.97312 0.590713
4.9644 2.97231 0.586002
4.76928 2.81916 1.40194
0.341924 4.89398 5.18868
0.345481 4.89683 5.19061
5.87398 4.19829 5.62831
5.76543 4.24312 5.43976
4.74654 2.31053 1.53963
3.93716 1.71992 1.71696
0.440305 4.91675 5.12681
5.51371 2.18135 0.945199
0.180092 5.35701 6.04557
1.29917 5.37873 4.92798
0.424498 0.177735 0.0810112
4.92715 3.17252 6.14229
6.16439 2.8947 0.0300731
1.40753 6.03488 5.28858
0.52946 0.537591 0.335666
1.4511 5.70142 4.89326
5.12829 2.97104 0.371801
6.18289 4.54449 5.7474
6.05669 4.55005 5.33024
0.401843 1.42277 1.23333
3.9055 1.77437 1.78305
0.0860148 5.13061 6.09155
0.399606 5.24129 5.65744
0.414718 5.16215 5.54381
0.398522 5.16215 5.56595
6.11633 3.8474 6.14062
4.84025 1.73261 1.54981
5.72176 4.11344 5.53868
1.21338 0.155114 0.396538
5.8757 4.21285 5.61397
5.09329 3.05845 0.205165
4.95469 3.187 6.10136
0.246188 4.97818 5.53778
6.22212 3.12052 0.00128839
5.22265 2.33125 1.08153
5.49317 2.51215 0.633839
4.8466 3.03048 0.690598
5.09596 2.8194 0.691097
5.0317 2.59188 1.07596
4.73671 2.65311 1.52505
0.580532 5.09069 5.25715
0.426093 5.07637 5.41063
5.85295 3.82607 5.92484
0.0955673 4.82728 5.59001
5.87155 4.19269 5.6314
5.39717 3.97718 5.34848
1.27487 5.9573 5.44641
6.07858 4.41247 5.69218
0.943638 6.25635 6.24617
0.458008 5.03942 5.31508
0.115661 4.89293 5.71635
1.1162 6.08287 5.88944
0.583536 5.12829 5.30198
0.857676 5.53789 5.46543
1.4673 5.74316 4.88396
5.19449 2.09404 1.27762
5.83804 4.43465 5.25104
5.48136 3.73633 5.6731
6.19485 4.6454 5.36069
1.0766 0.123159 0.225826
0.401994 5.15278 5.54919
1.37345 6.15722 5.7186
0.867676 5.01149 4.96804
0.279594 5.00418 5.52034
0.699387 5.09073 5.1538
1.02731 5.21259 5.03134
0.690116 5.71081 5.79433
0.795037 5.83421 5.82663
4.55429 2.12286 1.66868
0.998939 5.67507 5.4586
4.59112 2.16934 1.65372
0.968789 5.78161 5.60962
0.307202 5.30018 5.83885
4.98811 2.42443 1.25707
4.69332 2.60343 1.60274
6.22314 4.58418 5.84687
0.617094 1.39497 1.32545
1.3088 5.39757 4.92813
0.536565 5.22754 5.47313
5.0314 2.45936 1.18463
0.312455 5.01608 5.48262
0.310118 5.17632 5.71355
0.323293 5.42709 5.91471
0.378427 5.11616 5.53373
0.400347 5.16489 5.56689
6.12103 4.62695 5.1947
0.558397 5.03804 5.20793
0.163567 5.0086 5.78744
0.404737 5.04494 5.39092
5.09019 3.77712 5.206
5.81089 3.72397 5.95865
6.17817 4.42336 5.94254
0.923323 5.67948 5.54384
5.87155 3.5686 6.08709
0.8188 5.34546 5.31391
0.699817 5.49385 5.57949
5.4879 3.76826 5.64709
0.733507 5.54416 5.59558
5.80055 4.35583 5.33039
2.35327 1.32028 1.81992
2.1348 1.22056 1.79788
0.250338 5.04954 5.65296
5.92175 1.98341 0.712349
5.19818 2.15818 1.23277
5.82434 3.8894 5.85353
0.569087 5.45373 5.67334
5.88537 3.78517 5.97783
1.03994 5.92815 5.71991
1.1669 0.257664 0.552515
1.03438 5.94155 5.74421
6.25008 1.87175 0.106291
0.854929 1.21281 1.25621
5.47248 3.74858 5.65227
4.77564 2.3426 1.50924
0.510322 4.9627 5.14083
0.504416 4.9443 5.11662
0.195079 4.7893 5.08424
0.97629 5.99386 5.86844
1.35787 6.1881 5.86774
0.0234156 4.74664 5.68361
5.68288 4.38164 5.17729
5.9286 4.57731 5.06419
0.182002 4.9836 5.69852
0.245174 5.28413 5.91231
0.196097 4.9244 5.53786
5.61649 1.74057 1.35629
5.5955 4.252 5.25555
0.158369 5.17432 5.97276
0.0417653 6.22307 6.28067
1.14827 5.71422 5.32516
0.783 5.46524 5.46763
5.00804 3.72089 5.14814
4.99058 3.71917 5.12541
0.181388 1.45272 0.996675
5.58023 2.18092 0.880962
0.662128 0.848527 0.724309
6.24422 1.60399 0.865312
5.69875 3.80172 5.80876
6.20261 1.91411 0.222164
5.19075 4.20408 4.99363
0.435499 5.49157 5.84291
0.992584 0.0751756 0.1149
0.992572 0.0796908 0.12176
1.12242 5.84622 5.51253
0.763819 5.96807 5.98057
0.789343 5.13646 5.13351
5.02285 3.35496 5.68921
2.48723 1.38031 1.81706
5.98355 4.39671 5.52557
0.088512 4.81162 5.55517
4.38996 1.67653 1.60624
0.409546 5.10177 5.46966
0.891014 0.207418 0.2547
0.0257491 4.74578 5.62633
0.0493578 4.80144 5.77784
4.78841 3.05587 0.845566
0.904725 6.01207 5.94322
6.16828 4.42616 5.90946
5.85299 3.81176 5.9344
5.62182 3.49933 6.00006
5.03385 3.72816 5.17689
5.91871 1.92755 0.797086
5.95043 1.95438 0.708175
6.21559 1.76195 0.336508
0.946894 5.5818 5.41816
0.789678 5.95973 5.95714
0.328174 6.02349 6.19297
0.212987 5.15659 5.85667
6.19271 4.66549 5.18982
2.00842 1.32054 1.68983
0.774975 0.465892 0.457577
5.78705 2.12271 0.721145
4.54989 1.97401 1.64062
0.462114 5.65211 5.93411
0.754411 5.45721 5.48817
0.802219 5.77359 5.75914
0.31045 5.5665 6.01063
0.797446 6.27287 6.27262
5.92145 3.83856 5.97643
6.00288 3.70134 6.10471
6.00288 3.70134 6.10471
5.55365 2.90508 0.212248
6.01447 1.62791 1.36609
6.23925 1.61171 0.821051
4.73274 2.4503 1.54621
0.68271 5.66319 5.75722
4.5536 2.32734 1.72081
0.505396 5.27252 5.56022
1.0454 0.195128 0.328553
1.0665 0.283934 0.486389
1.22638 6.25149 6.19503
1.4955 5.9578 4.93238
6.11115 4.5318 5.52257
0.28574 0.605792 0.200752
0.67567 0.0840407 0.0674174
1.22313 0.00896844 0.0247441
6.22153 1.6733 0.540528
6.04445 1.795 0.817935
6.28153 1.57216 0.883002
0.00572696 1.56601 0.874461
6.24546 1.59892 0.930296
0.0157707 1.55665 0.839557
6.17573 1.70259 0.683081
6.21435 1.65105 0.708661
5.76921 3.0552 0.0488581
5.91871 1.92755 0.797086
5.9316 1.86664 0.877508
0.139673 1.41626 0.734204
0.17272 1.36845 0.704719
0.129502 1.39208 0.624633
0.0890176 1.44523 0.615442
0.0932216 1.43935 0.615525
5.78231 2.05329 0.807475
6.23005 1.63416 0.697632
6.2218 1.64373 0.69936
6.21114 1.65295 0.719631
0.0289252 1.54553 0.8529
0.235311 1.33605 0.786652
0.141629 1.40772 0.714029
5.40605 2.53372 0.696739
5.53993 2.18209 0.919306
5.7322 2.1938 0.707544
5.73109 2.15707 0.747787
5.89054 2.04946 0.673588
5.75093 2.02705 0.876056
5.98083 1.72998 1.09548
0.330725 1.46206 1.26294
0.392013 1.25106 0.895507
5.73723 2.36373 0.539292
5.68259 2.17943 0.776802
5.79515 2.14275 0.689599
5.88595 2.01038 0.728447
5.9365 2.00222 0.665402
5.46762 1.93554 1.22572
1.01931 5.78512 5.55929
5.87971 2.0065 0.742117
0.113386 1.43735 0.70347
0.119341 1.43364 0.715302
5.38537 2.53381 0.717514
5.4582 2.28393 0.896617
5.73947 2.12532 0.77325
5.62736 2.13113 0.886726
6.03694 1.84923 0.721254
5.87434 2.09226 0.646142
5.93075 2.33917 0.363606
5.21552 3.04119 0.181046
0.474385 0.274129 0.143408
6.23886 1.62975 0.644421
6.18496 1.6893 0.691383
6.21464 1.65953 0.657231
6.25053 1.61481 0.638188
5.40701 2.56196 0.665996
5.17232 2.80337 0.617455
5.62066 2.88822 0.199332
5.56178 2.41082 0.6676
5.84788 2.17896 0.588937
5.92693 2.12931 0.537118
5.96385 2.44641 0.2691
6.07667 2.59881 0.125708
6.20814 3.51394 6.25383
0.0854942 0.333677 0.0296993
6.15805 1.60495 1.30558
6.20604 1.66735 0.673622
6.24963 1.58703 1.12031
6.27674 1.57866 0.686492
6.26009 1.60041 0.662276
1.48358 6.26115 6.03623
5.22674 2.77913 0.591045
5.44445 2.41209 0.782823
5.61184 2.45797 0.574409
6.01333 1.60721 1.43986
1.69471 0.792144 1.69306
0.322884 1.2354 0.764949
6.12446 2.46681 0.127373
4.80416 2.25207 1.49632
0.583796 5.64527 5.8278
5.64265 4.28814 5.25718
6.21643 1.8097 0.267885
0.135645 1.49297 1.05167
0.650628 1.39889 1.34654
0.152778 1.49729 1.12471
0.0599976 1.53601 1.04573
0.240581 0.456694 0.119963
0.22178 0.996064 0.335032
1.57355 6.23166 4.65902
5.46471 2.89905 0.258431
5.43146 2.58201 0.621055
0.165722 4.86262 5.44798
5.59214 2.25675 0.790578
1.0132 5.61004 5.3761
0.322884 1.2354 0.764949
0.988747 6.06851 5.96326
5.6769 3.73067 5.84929
6.07616 3.52462 6.19876
5.97182 3.08131 0.0194236
5.5922 2.69052 0.381004
6.06728 2.7409 0.0926405
0.14276 1.50078 1.11688
0.423468 0.635681 0.321071
0.297496 0.604102 0.208528
0.22178 0.996064 0.335032
1.42149 0.304215 1.12399
5.43657 3.51959 5.86121
5.50815 2.53256 0.599338
5.23318 2.77495 0.589924
5.45322 2.47518 0.710181
5.19305 3.24305 6.09038
1.23184 1.08803 1.38807
0.792148 1.16629 1.17115
6.23679 1.79833 0.19791
5.78089 2.90517 0.131573
5.53566 2.63701 0.473157
5.5922 2.69052 0.381004
5.73512 2.30384 0.595783
6.24207 2.57026 0.0264385
0.566202 0.675662 0.471186
0.00390092 1.5567 0.270052
6.11678 3.25887 6.2634
0.0264823 1.51788 0.463745
0.673862 5.5576 5.6669
0.108377 5.23346 6.09585
5.01956 3.20724 6.07883
4.98085 3.37379 5.57317
5.24545 3.57779 5.61455
5.60309 2.66413 0.396337
5.32092 3.22334 6.16614
1.6938 0.99831 1.6503
5.70528 2.10206 0.837428
0.027787 0.329739 0.0095118
5.99451 3.1805 6.27163
0.0316177 5.16401 6.21807
0.126539 5.44083 6.14154
0.297075 5.08072 5.61261
5.83374 2.54372 0.317395
6.23603 1.77981 0.218924
6.26152 1.65645 0.247248
6.24044 1.64499 0.522151
6.26896 1.59614 0.511411
0.0123306 1.54302 0.417742
1.52566 0.00700923 0.153945
0.424791 5.83334 6.06815
4.8616 3.35224 5.32517
1.50811 0.289281 1.36295
0.131003 4.76561 5.09663
3.51373 1.57321 1.57698
5.32092 3.22334 6.16614
1.14329 5.81438 5.44497
1.14329 5.81438 5.44497
1.79778 1.2501 1.64736
6.11186 2.03413 0.333382
5.07797 3.14513 6.27393
0.324812 5.3033 5.81799
5.0426 2.83027 0.753838
5.73357 2.94522 0.121267
1.20754 1.16484 1.40884
5.82582 4.30809 5.42801
5.62506 3.9052 5.64603
0.164897 1.35362 0.646152
0.0168932 1.53838 0.480346
5.92405 3.31035 6.21931
4.87372 3.238 5.74701
4.99094 3.32511 5.70751
1.57249 0.0825257 1.59124
5.43318 3.53638 5.8403
0.49229 4.98399 5.1913
0.336669 1.5081 1.39331
2.68027 1.51248 1.68771
1.89629 1.51287 1.59037
5.32636 4.04945 5.21551
2.01279 1.15907 1.77457
5.49498 3.29052 6.13343
5.13114 3.36718 5.80711
5.1187 3.57859 5.45672
4.90118 3.21888 5.89813
0.355558 5.38546 5.84729
6.04852 3.13191 0.0023142
5.64941 4.06141 5.51571
5.73208 3.49952 6.05722
5.82897 2.55096 0.316373
0.0769597 1.34409 0.322611
6.2164 4.53432 5.92739
0.588237 5.56091 5.75186
0.955816 6.15994 6.10958
5.37519 3.82488 5.47677
1.11374 5.48518 5.15954
2.20522 1.48782 1.63193
3.53106 1.58976 1.61697
2.51258 1.45498 1.72934
5.1136 3.74644 5.26281
5.1467 3.49336 5.61379
5.47039 3.22935 6.19051
5.02286 3.7063 5.18117
4.99332 3.73562 5.11616
0.822927 5.76274 5.72972
0.11376 4.81072 5.42462
0.13388 0.597402 0.0913754
6.09797 2.27161 0.218525
5.1343 3.68608 5.35027
0.494056 0.17895 0.0971196
0.521765 0.247163 0.144057
1.51001 0.0263078 0.40809
1.58613 6.21132 4.50246
1.32899 6.19736 5.94753
2.09407 1.1937 1.79542
0.206817 5.26835 5.95752
0.436158 0.881394 0.514606
1.84844 1.01774 1.74495
5.5804 4.4498 5.01967
5.62551 4.44736 5.0503
5.62213 3.43811 6.04987
5.20612 3.45325 5.7438
5.34984 3.28109 6.09581
5.18209 3.54479 5.5843
5.83297 4.19475 5.5794
1.43462 5.99236 5.14172
0.522535 5.28473 5.55374
6.23559 4.67646 5.35876
5.13035 3.99072 5.08498
4.96398 3.62688 5.16592
0.392814 5.53167 5.91378
0.485511 6.11796 6.19543
0.788125 5.46408 5.46136
1.57339 6.18997 4.6847
1.54791 6.21935 5.05623
5.04652 3.4642 5.51666
5.7428 3.84152 5.81534
0.327247 0.417873 0.149599
5.72385 4.35366 5.25204
1.94751 0.969946 1.83557
5.72468 4.33495 5.27776
1.50074 0.0412478 0.531664
1.56001 6.27642 5.72319
1.53352 6.11834 4.93294
1.39752 6.09111 5.44523
5.65375 4.01239 5.57027
5.93803 3.04573 0.0345584
0.510181 5.49645 5.77186
5.38134 4.11312 5.20752
6.08839 4.50057 5.54078
5.17892 3.39052 5.81574
0.422465 5.26887 5.65741
0.377022 5.18885 5.62878
1.43162 6.1241 5.43014
1.56695 6.19879 4.75779
1.59576 6.10636 4.57357
4.84582 3.19376 5.9122
5.65761 2.85426 0.210312
5.5299 3.49243 5.95259
5.70339 4.25396 5.35817
5.17936 3.94796 5.16271
1.74856 0.94742 1.69927
1.59149 0.473764 1.61115
5.39151 3.15263 6.26951
5.29545 3.34598 5.97867
1.44928 6.05527 5.19699
5.6318 3.99146 5.56855
5.34724 3.02277 0.16069
5.34037 3.3412 6.01143
5.18144 4.08268 5.06613
5.92632 2.84175 0.11476
1.31173 0.82137 1.32901
0.511944 5.14641 5.40211
0.584685 5.13988 5.31523
0.88553 5.545 5.44436
1.56695 6.19879 4.75779
5.3983 3.65474 5.68025
5.38029 2.96297 0.225005
5.31582 4.09655 5.16615
5.93692 4.08787 5.81907
5.78205 4.02433 5.69542
4.77307 2.99179 1.18809
4.83066 3.10426 0.30451
4.8119 3.00526 0.941646
5.25469 3.24099 6.11918
5.59684 3.2082 6.22859
5.51488 3.46538 5.96956
1.66097 0.60559 1.70066
0.215776 1.11904 0.424288
5.14182 3.69613 5.34904
6.27286 4.68767 5.88763
0.210563 5.99301 6.21945
1.09858 5.6952 5.36616
1.5723 6.28175 3.90261
5.35151 4.03445 5.25167
1.42978 0.0171169 0.120012
5.42427 3.95174 5.39988
5.81791 3.93362 5.81257
5.60034 3.36154 6.10331
1.59782 0.47455 1.62337
5.08649 3.53516 5.46978
4.94985 3.38606 5.48267
4.81571 3.00943 0.908386
1.66929 0.309608 1.87041
4.97484 3.65431 5.15766
5.46272 3.75067 5.64079
0.372018 5.25376 5.70758
1.68853 0.871914 1.66988
5.14293 3.31975 5.90953
5.74125 4.20634 5.4564
0.0310303 4.74663 5.54696
0.0441366 6.11571 6.27572
1.5564 0.0832817 1.40002
4.763 2.93377 1.33505
1.68233 0.492021 1.77679
1.75566 0.631058 1.82132
5.2674 4.02637 5.18209
5.49742 4.03726 5.38716
4.91909 3.45212 5.29117
5.12578 3.72086 5.30312
4.99509 3.28959 5.80901
1.75814 0.639226 1.82049
5.12472 3.84754 5.18644
5.61834 3.42818 6.05615
0.150789 4.98336 5.78269
0.533079 5.49832 5.75058
5.62091 3.16597 6.26417
5.73454 4.09442 5.57298
5.77138 3.87437 5.81513
0.247146 4.93931 5.45351
1.71248 0.380615 1.91323
1.58392 0.225873 1.62785
4.91251 3.56633 5.13398
1.46829 0.722693 1.45467
5.1953 4.08807 5.07357
5.44736 3.77587 5.60003
4.88678 3.17948 6.07124
1.77116 0.861224 1.74347
5.72806 3.21826 6.23558
5.35098 3.29138 6.08262
5.22394 4.1221 5.07214
6.1571 4.59139 5.47698
5.41454 3.95097 5.39099
0.649904 1.30934 1.23229
1.44864 5.88207 4.99416
0.0198198 4.74691 5.76208
1.30203 5.83092 5.22811
1.55618 0.105009 1.43303
1.66172 0.131804 2.17326
5.10045 3.3879 5.7318
1.46197 0.928 1.48915
1.3747 0.107813 0.498866
5.0987 3.88134 5.13165
5.00359 3.52386 5.353
4.86158 3.2169 5.81796
1.541 1.10567 1.55584
5.1409 3.52417 5.56104
1.59501 0.614663 1.6051
5.36866 4.02666 5.27466
6.06948 4.28297 5.84062
5.89268 4.40742 5.36523
5.3845 4.40549 4.9594
0.255424 4.99892 5.55802
6.25641 4.69617 5.25683
6.23787 4.68666 5.22862
1.53786 0.164369 1.37472
1.56741 6.18985 4.74856
5.2964 4.02536 5.20921
1.67761 1.02918 1.63521
1.37748 0.106968 0.501696
5.34695 3.55206 5.74927
4.56503 1.94417 1.62888
5.06231 3.62346 5.32164
0.0826571 4.84281 5.71985
1.26206 0.348343 0.850126
1.64032 0.518844 1.69214
5.47095 3.4782 5.92948
1.72634 0.502777 1.84858
5.72049 3.95896 5.69123
6.201 4.57535 5.74474
6.04729 4.42888 5.59339
6.16089 4.53944 5.67006
0.400507 5.04694 5.39983
0.777086 5.67327 5.68106
1.11347 0.724323 1.06318
1.58224 0.127921 1.65954
1.56851 0.164581 1.55701
5.21742 3.97236 5.17989
0.997152 1.13101 1.27566
5.13689 3.35973 5.82722
0.310933 4.87877 5.19394
4.56503 1.94417 1.62888
4.8462 3.27867 5.4856
4.89686 3.41704 5.29589
6.10229 4.53203 5.49626
6.18834 4.14812 6.134
2.11493 1.28143 1.74903
5.5904 2.9721 0.141105
1.62301 0.094363 2.07531
0.403994 5.06 5.41545
0.245935 4.86313 5.25655
5.77274 4.4669 5.13312
6.00535 4.46275 5.44183
0.265993 5.26742 5.86918
1.39446 5.87944 5.10755
1.2788 0.218742 0.636781
1.54293 6.22461 5.15616
4.95555 3.63033 5.14888
1.10888 5.26657 5.01126
0.800041 5.20983 5.19765
0.407979 4.90054 5.12732
4.5314 2.00845 1.65621
4.87405 3.21844 5.84209
4.83562 3.20031 5.84006
5.90579 3.38597 6.18466
1.65904 0.703094 1.6748
5.27378 3.47529 5.77941
4.83235 3.1824 5.9566
5.97312 4.40382 5.4952
0.194628 4.86642 5.37956
5.9675 4.46489 5.37086
5.69016 4.50509 5.01488
5.94449 4.39346 5.46548
4.94173 3.32168 5.62084
1.52945 0.0104388 0.247165
1.44579 6.11976 5.36359
1.36283 5.77987 5.07836
1.17649 5.57028 5.16094
4.35741 1.92397 1.7066
4.52497 1.82175 1.61937
1.16823 5.17907 4.92372
4.85061 3.10793 0.237536
1.11144 5.80817 5.47832
5.01625 3.894 5.03562
1.52498 6.13947 5.01918
5.56328 3.34729 6.10222
1.59315 0.124123 1.74813
5.43879 3.70603 5.66403
1.55817 6.25174 5.09416
1.41936 0.504489 1.30115
1.51851 6.17719 5.16954
5.35258 4.23379 5.08116
5.37904 3.30635 6.07494
1.52705 0.00257441 0.058749
1.56545 6.28162 5.99911
1.70723 0.988877 1.66087
4.55264 2.07359 1.65917
0.961557 5.25083 5.10729
1.06169 5.18889 4.99291
5.07005 3.81983 5.14668
1.31117 5.98549 5.42595
5.25826 3.44136 5.81249
4.99938 3.25016 5.92942
5.83595 3.07934 0.029891
6.01573 2.8516 0.0815883
5.88219 3.57771 6.08811
1.09802 5.30168 5.04185
0.346926 1.25918 0.843018
1.40569 0.0344452 0.203932
0.893093 5.73617 5.63544
5.47078 3.9713 5.42664
1.52705 0.00257441 0.058749
1.38793 6.11352 5.536
1.40636 6.23749 6.01429
1.44354 5.84721 4.98043
4.00353 1.73113 1.7086
1.04277 5.50389 5.24574
5.60828 3.68701 5.83111
1.54024 0.384057 1.49531
1.5708 3.14159 -nan
1.59088 0.0178552 2.41495
1.3702 6.1029 5.55238
5.17162 4.01046 5.10843
5.17037 4.00988 5.10773
0.580975 5.95712 6.06472
0.613479 5.32255 5.49426
0.445128 5.20636 5.55821
1.66443 0.251627 1.92102
1.51589 5.96572 4.87812
5.72599 4.21678 5.42706
1.52698 0.00505704 0.114835
5.18858 3.91765 5.19624
1.44567 0.0414757 0.318689
0.0566205 1.33403 0.230723
5.36637 3.0907 0.0663529
1.63353 0.768628 1.63567
1.60804 0.454732 1.64687
1.59137 0.0121945 2.60664
5.1625 3.67958 5.39307
5.03534 3.63937 5.26438
5.30945 4.03313 5.2144
0.562286 4.83648 4.9078
0.896183 5.37442 5.26979
0.177933 4.85677 5.39226
5.99143 4.31205 5.666
0.461365 4.97259 5.20405
5.96338 4.32275 5.60449
1.74265 0.515238 1.86823
1.57161 0.538507 1.57215
5.07791 3.47162 5.55312
1.30503 0.0817954 0.292525
1.54537 6.27026 5.81278
4.86377 3.46236 5.14283
1.47401 0.173577 1.06508
1.8776 1.01355 1.7657
5.28861 4.19919 5.06342
0.220445 4.91532 5.4552
6.12062 4.53363 5.54611
0.162783 4.82005 5.29441
6.20672 4.63822 5.4825
6.13516 4.51485 5.6429
1.48175 0.448649 1.38741
1.50188 0.699686 1.48898
5.36102 3.40844 5.93709
1.66828 0.294661 1.88251
0.434693 5.3793 5.7503
4.98949 3.25568 5.90019
4.86916 3.44982 5.17321
1.47867 0.987306 1.50988
5.40589 3.82968 5.5033
5.27669 4.01704 5.19828
6.24931 4.65094 5.77978
5.79504 4.09789 5.63808
0.0944673 4.88264 5.77948
6.18321 3.98575 6.17081
0.710881 5.54241 5.61614
1.4781 6.24979 5.93817
1.50188 0.699686 1.48898
4.89556 3.21661 5.89776
4.95232 3.42425 5.41241
1.65481 0.160348 2.05087
1.52406 0.115868 1.18869
0.287888 5.36992 5.91699
6.02586 3.32781 6.23365
5.90459 4.30596 5.53714
1.51515 0.18002 1.27377
5.82625 3.48053 6.11157
5.56563 2.98783 0.134453
0.239167 4.81123 5.09866
0.978757 0.486813 0.666794
1.47955 5.97951 4.99648
1.30018 0.589022 1.17725
1.31824 0.946253 1.38689
5.73565 3.56976 6.01177
4.8577 3.21693 5.80701
5.23339 2.67338 0.722338
5.70252 3.50972 6.03532
1.3788 6.17119 5.7587
5.10363 4.00027 5.05447
4.87945 3.05689 0.466441
0.275574 1.40565 1.0382
2.01095 1.1667 1.76954
5.32309 4.08709 5.18029
6.00064 3.45209 6.1903
5.58351 4.40662 5.07118
0.967832 1.32978 1.40316
0.991891 5.63924 5.42876
1.31824 0.946253 1.38689
0.861081 1.00679 1.07305
5.55251 3.63105 5.83781
1.43196 0.192487 0.948772
5.84139 4.35132 5.38616
1.43699 6.21406 5.80817
4.94949 3.41953 5.4151
1.42649 5.88773 5.04738
6.00093 4.48263 5.39109
1.36275 1.3146 1.51555
5.14718 4.00317 5.09166
6.2149 4.66108 5.3565
1.4474 5.50879 4.8385
1.02949 5.98553 5.81137
0.974482 0.86773 1.04877
1.71646 0.727543 1.73407
1.62211 0.738849 1.62711
6.25155 1.64205 0.417318
5.3537 3.85858 5.4206
1.38806 6.26876 6.20529
1.30355 0.318243 0.877378
0.87041 5.32493 5.24716
6.16271 2.05192 0.227879
5.93925 4.34967 5.52671
1.53942 0.0612361 1.09762
1.4158 0.226441 0.974857
3.37105 1.6035 1.70997
1.1297 5.12116 4.91412
0.746934 5.16806 5.1992
1.71646 0.727543 1.73407
1.70772 0.735134 1.72202
1.60429 0.547543 1.62569
0.104616 6.13461 6.26747
1.30332 6.19686 5.97731
4.92775 3.63225 5.10104
1.42479 0.402724 1.23841
5.42289 2.76522 0.430586
5.5342 4.30712 5.14472
5.91825 3.90659 5.93165
0.431899 6.13825 6.21601
0.4052 4.8687 5.0645
0.464276 5.12665 5.43294
1.70304 0.634675 1.74953
1.51596 0.871478 1.52466
5.20986 3.4467 5.75761
5.85345 4.39786 5.3297
5.45826 4.25947 5.13494
4.94196 3.28163 5.74042
6.19478 2.8432 0.027256
5.44887 3.82201 5.55442
5.97934 4.02317 5.91959
0.0240555 4.7365 5.49892
0.141113 4.74249 4.92126
5.36892 4.38532 4.96808
1.49453 0.77493 1.49292
5.22118 3.59579 5.56416
4.87011 3.12062 0.131129
1.60543 0.0667581 2.04891
0.0706483 1.31668 0.266
1.58929 6.21468 4.44913
5.01979 3.44899 5.49779
1.26738 0.295551 0.771449
1.31643 0.54774 1.16788
0.833506 5.08699 5.05533
5.22171 2.04726 1.29016
1.49453 0.77493 1.49292
5.95035 2.38987 0.312565
1.58854 5.99433 4.65273
0.0243366 1.49642 0.315747
5.00562 2.28846 1.31309
5.78622 3.78509 5.89685
4.95659 3.45231 5.37231
4.86528 3.15021 6.2273
4.24821 1.8405 1.70832
5.22171 2.04726 1.29016
1.81427 0.865934 1.77903
1.45919 5.97578 5.05174
0.314283 1.49052 1.32819
5.19075 1.66222 1.52329
1.11576 1.01543 1.27603
0.64958 0.360644 0.278982
1.48839 5.80162 4.86914
4.39887 1.79661 1.64514
5.27131 2.11804 1.2067
1.81427 0.865934 1.77903
0.339746 1.21887 0.766307
5.93007 1.92969 0.776549
0.341115 1.0999 0.608916
5.47496 4.38703 5.02417
5.59455 2.07772 0.977242
6.24695 4.69293 5.20505
1.81427 0.865934 1.77903
1.3715 1.12897 1.47555
1.64666 0.871867 1.63459
6.26233 1.71979 0.138041
5.97234 1.65582 1.31148
6.10543 1.7673 0.734171
6.10617 1.76655 0.733995
6.23262 1.62831 0.721055
1.61022 0.999797 1.59613
5.21311 4.32338 4.93305
1.22137 0.202032 0.512109
5.33441 2.77784 0.488124
5.65138 2.31825 0.668391
6.0812 1.78512 0.754909
6.10688 1.77097 0.720584
6.11786 1.77085 0.68851
6.27972 1.57524 0.66261
6.28063 1.57407 0.662682
5.33441 2.77784 0.488124
5.54804 2.30812 0.783205
5.96327 1.88094 0.801974
5.96455 1.88024 0.801038
0.0474724 1.52178 0.769394
0.130242 1.4299 0.745629
0.0500439 1.51337 0.716655
5.33501 2.77134 0.495666
5.29615 2.60338 0.734903
5.34638 2.56055 0.729004
6.09611 1.78308 0.720649
6.24429 1.59779 0.964288
0.054065 1.51693 0.787264
0.0193226 1.54994 0.747285
5.33488 2.77495 0.491304
1.40537 5.85471 5.0628
5.46806 2.43289 0.738219
6.18336 1.72739 0.565298
0.0402693 1.52729 0.746783
6.25252 1.60229 0.772158
6.05796 2.05153 0.413915
0.81651 5.92299 5.90197
5.34839 2.56196 0.72538
0.176555 4.98523 5.71557
5.89081 2.00006 0.735078
5.99194 2.46236 0.23747
5.99746 2.3294 0.300551
0.572287 5.94073 6.05744
5.44153 2.8797 0.291492
5.71326 2.56388 0.395743
1.41873 0.817429 1.42804
0.117689 1.44255 0.742064
0.115985 1.44462 0.74293
5.92921 2.50373 0.267354
0.491958 5.2723 5.57583
0.572287 5.94073 6.05744
5.67489 2.76489 0.268815
5.43718 2.47758 0.72372
1.26895 6.23776 6.13822
6.09766 1.76428 0.763906
0.0718615 1.49016 0.727722
5.75734 2.15123 0.724446
5.80844 2.71448 0.229785
5.38653 2.71057 0.522233
5.49881 2.3299 0.810664
0.453523 5.33622 5.6879
5.74355 2.53506 0.393817
5.92897 2.23972 0.437568
6.26632 1.6035 0.475915
0.123501 1.28169 0.395358
0.0773412 1.48059 0.708419
5.92874 2.50203 0.268629
5.86641 2.6661 0.22412
5.48224 2.65376 0.500821
5.37529 2.90956 0.293869
0.585292 5.33761 5.54042
5.73768 2.45916 0.458234
0.205008 1.26367 0.580293
0.26075 0.90036 0.324589
6.12238 1.88785 0.459099
6.12447 1.8686 0.480688
1.43934 6.17634 5.60168
5.55968 2.92938 0.188062
0.534957 0.365543 0.223039
5.58384 2.60001 0.468462
5.19079 3.69735 5.40811
5.77014 4.46553 5.133
5.7194 2.63575 0.336854
5.78459 2.5009 0.38565
0.247584 0.944913 0.336404
0.00225524 1.56801 0.680715
0.0119931 1.55642 0.69516
6.27036 1.58704 0.668122
4.99455 3.49336 5.3809
0.696223 0.0200384 0.0167498
5.70936 3.29081 6.18632
0.281414 5.13047 5.70633
6.11618 1.80931 0.606226
6.15245 1.76351 0.592948
6.18582 1.70444 0.628274
1.42323 6.11449 5.42994
5.47955 2.14391 1.01418
5.62612 2.61576 0.42092
5.5808 2.61502 0.457237
5.88899 2.82921 0.133539
5.88899 2.82921 0.133539
6.09747 1.84122 0.595626
6.07977 1.86334 0.600478
1.43779 6.11971 5.39386
1.30418 0.334472 0.904728
4.99849 2.9083 0.679456
4.86671 2.08803 1.48253
5.76446 4.55374 4.98564
5.40088 4.42209 4.95341
5.84121 4.18937 5.59595
1.5082 6.08702 5.01794
5.60986 2.42817 0.604249
1.5228 6.09662 4.96155
6.0152 2.11042 0.429883
1.50946 6.06808 4.9864
1.2227 0.573788 1.05922
0.625489 5.10297 5.23052
5.89744 4.53721 5.12341
5.77035 4.30256 5.36952
5.44834 4.17414 5.2081
1.55537 6.17967 4.85977
1.2994 1.11449 1.43505
5.83591 3.8959 5.8597
5.67494 2.26088 0.700723
1.41838 6.0054 5.2065
0.233541 0.0113916 0.00270997
0.761229 5.12916 5.14735
5.85137 4.25163 5.53493
1.56597 6.02918 4.731
1.65911 0.144813 2.11645
4.82014 3.13198 0.0886558
4.99652 3.25428 5.9135
0.64563 1.39262 1.33615
5.50976 1.69257 1.4461
1.52173 6.10172 4.97389
4.74323 2.92394 1.4322
0.759318 5.12132 5.1407
5.89592 4.25951 5.5856
1.59408 6.0421 4.61794
1.42415 6.06447 5.29891
1.55541 6.00139 4.7655
5.49472 3.06444 0.0776301
0.00120436 4.74395 6.24505
1.59062 6.17956 4.52399
1.59458 6.16871 4.50838
0.429043 5.00337 5.29203
5.9453 4.20879 5.71552
4.75611 2.90841 1.38863
1.60454 6.13465 4.49049
4.81133 2.89826 1.19043
0.447832 0.657355 0.35508
6.05225 3.74672 6.12196
0.569136 0.111475 0.071491
1.59062 6.17956 4.52399
1.59581 6.17131 4.49329
0.35974 1.34601 1.02455
1.47624 6.01205 5.04118
4.77481 2.8786 1.34269
4.77262 2.9299 1.29722
1.11656 0.588455 0.939104
0.49848 0.318863 0.177801
0.569101 0.111741 0.0716569
4.81617 2.52544 1.42476
1.52688 6.21364 5.27514
1.6127 6.16109 4.38311
5.51163 4.10589 5.33191
5.22477 3.99976 5.16481
6.00355 4.46635 5.43095
1.38001 5.86794 5.12528
4.87307 3.03187 0.596998
0.321439 5.49957 5.96282
0.327083 5.72718 6.07541
0.155701 0.814717 0.164944
1.52853 6.244 5.53558
1.49166 6.21207 5.55131
1.4657 5.97731 5.03479
5.56802 3.99424 5.5008
1.62837 0.0925492 2.12649
5.93725 4.562 5.11038
6.12455 4.63466 5.16549
1.64296 0.0610989 2.43929
0.528867 5.84557 6.01629
5.06744 3.6624 5.28619
5.88317 2.79095 0.153432
1.3461 0.228995 0.795196
1.51206 6.24702 5.73153
1.49166 6.21207 5.55131
0.311161 4.97299 5.40466
4.71239 3.14159 -nan
1.63024 0.089483 2.1565
2.10921 1.17929 1.81254
5.38804 4.34002 5.01578
4.92377 3.41769 5.36058
0.190272 6.22065 6.27113
0.117378 5.42955 6.14878
1.03993 6.151 6.06047
0.595813 5.76568 5.91484
1.54991 0.000657895 0.0314857
1.51387 6.23312 5.56195
1.54704 0.0451015 1.08612
1.5833 0.00769216 2.58994
5.02662 3.75232 5.14706
5.97147 4.50783 5.28442
0.862811 0.962121 1.03287
1.54764 0.164831 1.43244
1.56143 0.250406 1.53421
6.12703 2.98665 0.0245862
6.15288 2.23886 0.164575
1.4484 6.24337 5.97003
1.43353 6.05778 5.25456
1.57096 6.28122 4.62903
1.53716 6.25435 5.57456
1.29206 6.21312 6.04272
5.83686 4.09448 5.69062
1.10715 5.63968 5.30039
1.30631 6.01224 5.48513
1.63727 0.385095 1.73358
1.33378 6.05294 5.51281
1.65338 0.229899 1.91076
0.0897437 0.351082 0.0329457
6.21362 2.26722 0.0831332
4.0469 1.75916 1.71932
1.43331 6.05546 5.25062
1.5078 0.00233644 0.0370201
1.54836 0.00321542 0.142315
1.04132 0.0722596 0.123066
6.00648 4.34245 5.65108
5.89978 4.3075 5.52808
0.779618 5.59999 5.60565
1.50416 0.264264 1.329
1.00289 5.91531 5.73977
6.09734 3.28003 6.257
0.418224 4.83147 4.97536
1.56253 6.24024 4.90235
0.522811 1.1071 0.856116
1.55073 5.7838 4.74916
1.49 6.23769 5.77101
1.50169 6.25094 5.84709
1.13967 6.1399 5.97926
5.93249 4.23466 5.66806
1.73151 0.372398 1.96417
3.14159 4.71239 5.55654
1.51068 0.250086 1.33939
1.24319 6.15384 5.91765
4.46783 1.78577 1.62523
5.96356 4.26394 5.68063
5.86052 3.95896 5.83608
6.10612 1.66116 1.10205
1.47354 6.22106 5.71558
1.54985 6.28284 6.26662
5.57735 2.95334 0.160967
4.89207 3.46568 5.20806
5.97711 4.31037 5.64402
5.0007 3.76944 5.10029
1.07956 6.157 6.05035
4.89268 3.25478 5.72557
1.31962 6.09642 5.64841
1.49153 6.18902 5.41169
0.742186 5.2149 5.25225
1.40438 6.20522 5.84783
1.36008 6.21438 5.97149
1.38782 6.21467 5.92805
5.72373 4.27992 5.34762
1.53519 0.0621424 1.05087
5.97711 4.31037 5.64402
5.59016 4.38247 5.10351
0.260603 5.24411 5.85756
0.0731195 4.77318 5.4057
5.87468 3.0405 0.0438804
5.3114 3.88701 5.34919
4.84614 2.61506 1.34332
5.41809 3.76342 5.5839
1.5708 3.14159 -nan
1.38782 6.21467 5.92805
5.5114 4.27511 5.1602
5.5156 4.24842 5.19077
1.2397 6.2286 6.12556
5.88378 4.05478 5.78299
4.94533 3.3183 5.63797
5.65116 3.52991 5.99215
0.439091 4.92865 5.14992
0.756834 5.40472 5.43294
0.0978585 4.85265 5.67562
1.40899 6.27877 6.25612
1.14965 0.360164 0.69907
1.44975 0.0107523 0.0881686
5.32948 4.30554 5.00909
1.62338 0.163014 1.8805
5.72081 3.42336 6.10272
1.70162 0.329624 1.93797
4.71239 6.18352 1.5708
1.24642 6.10401 5.78912
1.31333 6.10049 5.67133
1.49561 6.23522 5.7158
0.739777 1.10831 1.07084
1.47584 6.20918 5.62173
1.32598 0.560768 1.19218
1.44975 0.0107523 0.0881686
5.77542 4.59387 4.92321
1.54872 0.0497106 1.15316
0.0829261 4.8622 5.77984
1.29573 5.76008 5.16751
1.37933 6.11704 5.56997
0.757097 5.97283 5.98892
1.2437 6.07209 5.71987
1.51132 0.00535825 0.0897388
1.39754 6.21387 5.90554
1.44229 6.15436 5.49654
1.41343 6.18915 5.74694
1.39036 5.73872 5.00501
0.504165 5.49779 5.77902
0.074454 4.84716 5.78025
5.70699 4.07924 5.55856
1.32737 6.00657 5.43112
1.21188 6.0523 5.72343
1.2437 6.07209 5.71987
4.71239 3.14159 -nan
1.44714 6.13542 5.40813
1.55845 6.1698 4.8204
1.3384 0.546832 1.2
1.10779 0.695745 1.03199
1.3868 5.72863 5.00426
1.2528 6.02258 5.6023
1.48928 6.06913 5.07187
5.59389 4.20059 5.31064
1.37449 6.01058 5.33068
1.37101 5.90485 5.18355
1.50022 6.09209 5.06272
4.81282 3.22304 5.6023
4.87754 3.16011 6.17253
5.9861 4.58639 5.10469
1.53156 6.1616 5.02323
1.50758 6.17255 5.23032
0.840288 5.30905 5.25903
1.56248 6.19304 4.80418
1.23334 5.75839 5.25725
1.48449 6.24491 5.86651
1.21031 5.88396 5.44161
6.20897 4.63319 5.53041
4.83447 3.00099 0.856602
1.56722 0.023805 1.42191
4.79183 3.09264 0.551655
6.02532 4.4194 5.56479
1.49187 6.12344 5.16871
1.53648 6.17768 5.02587
1.4158 5.81954 5.01527
1.48887 6.00165 4.98901
1.47281 6.05148 5.10716
1.58004 6.13394 4.65096
1.37029 0.66127 1.31532
0.958152 0.874772 1.0398
1.32322 5.76874 5.13291
1.30878 1.02367 1.40886
1.61835 0.137766 1.90147
1.32371 5.82229 5.1824
1.64912 0.108104 2.19693
1.52446 6.17432 5.11361
1.55776 5.91428 4.74611
1.56007 6.0249 4.75297
4.76443 2.94019 1.32102
1.5747 6.12819 4.68739
1.65064 0.70451 1.66465
1.07036 5.56436 5.27099
1.48761 5.96016 4.95651
5.14419 4.25077 4.93773
1.55214 5.95251 4.76668
1.53175 6.13837 4.9741
1.51955 6.07672 4.95254
4.80822 2.90115 1.19716
1.57275 5.9946 4.70581
1.59472 6.18971 4.46251
1.63322 0.741947 1.63887
1.44714 0.210258 1.04341
1.53218 6.21059 5.20072
1.45946 0.870579 1.47686
1.51463 0.340461 1.4134
1.36821 5.85835 5.13861
4.79201 3.09376 0.540419
1.20372 1.18883 1.41755
4.75475 2.85298 1.429
1.51221 5.94829 4.87936
4.81275 3.12616 0.152073
1.44186 5.7782 4.94277
1.60309 0.066644 2.02153
1.42991 6.00235 5.16935
6.09101 2.36376 0.189353
5.29358 4.26664 5.01652
4.90036 3.19124 6.02767
1.57989 6.17153 4.63148
5.60275 4.47285 5.00545
1.61244 0.165149 1.81577
1.54745 6.15529 4.89204
1.33086 5.81148 5.15958
1.58176 0.0245565 1.99068
1.05264 5.42971 5.17391
0.92845 5.83895 5.71661
1.65925 0.133283 2.15518
1.49949 6.11341 5.10718
0.623392 0.681934 0.528396
6.05087 4.34132 5.73686
2.14694 1.33867 1.72318
1.58443 6.1995 4.55121
1.31981 6.05816 5.55438
1.5708 3.14159 -nan
1.54459 6.13096 4.88164
1.86239 1.05127 1.74081
1.66831 0.136821 2.18855
4.86024 3.32051 5.40131
6.05087 4.34132 5.73686
5.79584 4.51196 5.07843
1.48829 6.21778 5.61329
1.35254 6.08259 5.54118
4.48564 1.96438 1.66631
1.6026 6.19902 4.35175
1.45038 6.02531 5.1425
1.50838 0.176709 1.23412
4.86024 3.32051 5.40131
0.528993 4.9216 5.06078
0.470041 5.78747 6.01509
0.373972 6.02167 6.17853
1.50911 6.24397 5.71726
1.43681 6.13576 5.44942
1.23346 6.15499 5.931
1.23726 5.84456 5.34856
5.09159 4.08387 4.99432
1.50921 6.25773 5.89155
5.90941 4.44931 5.31413
0.528993 4.9216 5.06078
0.488287 0.444419 0.247751
0.373972 6.02167 6.17853
5.61807 4.17278 5.36452
1.35666 6.24531 6.11067
1.0659 6.19768 6.12932
1.53568 6.25478 5.60319
5.30277 3.78405 5.44268
1.46485 0.0437609 0.39059
0.628478 1.00844 0.856423
0.535769 1.18437 0.969972
0.373972 6.02167 6.17853
1.50606 6.26467 6.00491
5.61579 4.11729 5.42212
1.41894 6.2583 6.12195
1.07561 6.23618 6.19631
1.53568 6.25478 5.60319
1.21569 5.54968 5.10273
5.00315 3.61729 5.23863
5.23622 3.5511 5.6388
5.73349 3.3616 6.14702
5.48841 4.11511 5.30098
1.05545 6.1137 5.98978
0.778622 5.26192 5.26797
0.655726 5.57244 5.69827
5.95462 1.75151 1.07882
5.416 3.94191 5.40131
5.00886 3.62751 5.23676
0.45102 1.04237 0.692518
5.34102 3.99972 5.27334
5.72657 4.06187 5.59778
1.32861 0.0239994 0.0968627
1.44548 0.118461 0.756999
0.880996 5.906 5.83551
5.28487 3.77132 5.43653
5.00886 3.62751 5.23676
6.2683 1.5975 0.508496
5.30724 3.99665 5.2442
5.37227 4.17393 5.1464
1.32495 0.0952987 0.363979
0.241713 5.3093 5.93519
5.40075 3.94473 5.38341
6.17636 1.74796 0.539609
6.18955 1.68465 0.687548
5.37227 4.17393 5.1464
1.31773 0.0401146 0.153972
1.3463 1.47109 1.54796
1.54437 0.300035 1.48555
6.14119 1.83056 0.493493
5.92511 2.09128 0.578371
1.30304 0.156663 0.522403
5.87413 1.98033 0.784743
5.94439 1.98735 0.672562
1.54437 0.300035 1.48555
6.21081 1.6706 0.626676
1.48572 6.2506 5.91812
0.986283 0.145516 0.217979
0.73283 6.01872 6.04411
5.87413 1.98033 0.784743
1.54894 0.281585 1.49539
1.56367 0.903288 1.56518
0.828849 0.321751 0.348771
1.15604 0.0738564 0.16649
1.37174 6.21596 5.96105
5.08763 2.15395 1.31657
1.53824 0.27259 1.4548
1.4408 0.111298 0.707312
0.986356 0.0415234 0.0627222
6.07463 2.17488 0.297542
1.25851 6.17762 5.96606
1.53824 0.27259 1.4548
1.17375 0.0363476 0.0865045
5.57387 2.75571 0.335517
1.22939 6.25714 6.21001
1.33486 6.21041 5.98876
1.40471 0.0942198 0.51332
1.61064 0.39561 1.66596
5.84605 3.5221 6.0984
1.5708 3.14159 -nan
5.47266 3.00144 0.147276
1.44121 0.096512 0.638929
1.34401 6.14359 5.73625
1.64971 0.111777 2.18457
1.14093 5.62069 5.2437
1.07332 0.715285 1.01215
1.54979 6.1503 4.86828
1.61541 0.0713075 2.1294
1.13003 5.64732 5.28104
1.61064 0.39561 1.66596
1.24355 0.480344 0.993384
5.41121 3.30674 6.08738
1.62091 0.100386 2.0328
1.54578 6.12572 4.86871
1.62119 0.078784 2.13932
1.23354 0.481776 0.980061
1.4712 6.08915 5.18283
1.43766 6.14129 5.46554
1.03616 0.665511 0.924501
1.31515 0.0504621 0.190884
4.89532 3.33899 5.45885
1.46121 5.95901 5.02882
6.22951 1.60303 1.03028
1.62075 6.18352 4.24874
1.64369 1.08402 1.60942
1.07224 0.666562 0.965414
0.180538 1.51126 1.25516
1.62075 6.18352 4.24874
4.82915 3.01757 0.81586
1.46121 5.95901 5.02882
4.9337 3.14159 3.14159
1.62733 6.17417 4.2352
0.970874 0.614132 0.800562
1.35544 6.03821 5.43122
1.60087 0.665701 1.60909
1.35544 6.03821 5.43122
1.35544 6.03821 5.43122
5.99957 4.46027 5.43618
0.548186 0.896554 0.652431
5.01309 2.5075 1.17173
1.45024 6.18142 5.58277
5.32736 2.51232 0.800495
0.0588614 5.02449 6.10253
0.367624 0.57806 0.246164
1.38602 6.23548 6.0331
6.25137 1.64248 0.417219
0.212784 1.43533 1.008
1.3312 0.650134 1.25995
0.724332 1.37292 1.34795
0.271683 6.23281 6.26914
0.498565 0.351734 0.19721
4.97886 3.15009 6.25206
1.26593 1.37155 1.50734
1.67083 0.28328 1.90282
0.212784 1.43533 1.008
5.90424 2.37465 0.366426
0.489336 0.947616 0.637684
0.0959802 1.30864 0.344491
0.402988 5.20193 5.60836
5.43341 3.21271 6.2023
4.92108 3.46698 5.27293
1.46012 0.592045 1.40703
1.67083 0.282748 1.90344
1.52694 6.18588 5.13492
5.89992 2.40231 0.352291
0.299065 1.05374 0.496815
4.8073 2.85589 1.25738
5.41868 2.76613 0.432815
4.89228 3.40578 5.30426
1.36886 0.680791 1.32322
4.78377 2.99237 1.12689
1.42991 6.14937 5.52387
6.20716 3.17592 6.28057
6.11012 4.52732 5.532
1.64666 0.871867 1.63459
1.24396 0.189297 0.514413
5.35451 3.31509 6.05299
0.927295 0.14889 0.197396
4.83806 3.08273 0.436487
4.75503 2.8551 1.42697
6.13922 1.7135 0.789842
5.39058 3.66579 5.66076
1.45988 0.960201 1.49301
5.97969 1.65009 1.32232
5.18947 3.14736 6.27203
1.55688 6.2594 5.24154
1.43699 6.21406 5.80817
1.32511 6.28263 6.28099
0.195054 1.42344 0.926474
0.08184 1.34452 0.342261
5.41727 3.75391 5.59298
6.13619 4.61792 5.28165
5.32456 3.93857 5.3137
1.52703 6.26481 5.8859
4.79181 3.09012 0.574447
6.2829 1.57086 1.36549
1.05142 0.0402995 0.0704076
5.41839 3.76223 5.58543
5.3211 3.50372 5.78533
5.15627 3.7519 5.30952
1.20754 0.191514 0.471672
0.508911 1.47913 1.40751
0.341115 1.0999 0.608916
6.19591 1.65835 0.783764
1.42035 0.212766 0.958926
1.1248 5.61611 5.25804
1.40449 0.610726 1.33544
1.08189 0.488758 0.785219
5.00562 2.28846 1.31309
1.41703 0.707734 1.39159
4.79952 2.99641 1.03225
5.92807 1.97184 0.718586
5.14916 3.32958 5.89624
4.8377 3.3841 5.18338
1.64761 0.920384 1.62929
1.46026 6.11906 5.30283
1.64488 0.56038 1.68853
5.80007 1.91455 0.971986
5.21684 2.46911 0.964565
5.1525 3.00656 0.280868
5.05861 3.76443 5.17787
6.25296 2.06625 0.0558885
1.08551 0.618029 0.932591
5.6066 2.04452 1.00261
5.81066 1.97299 0.876722
4.97628 2.7067 1.044
1.43745 0.400169 1.26371
0.121571 1.08361 0.226647
1.37803 6.06552 5.43546
0.581196 1.23028 1.07613
5.40909 2.03825 1.1712
1.5708 3.14159 -nan
5.00324 3.37415 5.61383
5.13444 3.06015 0.179806
6.01856 2.11203 0.423518
0.155803 1.39114 0.713084
5.20336 2.07339 1.28497
5.12823 3.63705 5.39748
1.3588 0.109215 0.47118
1.42267 0.371883 1.2054
1.64299 6.26053 3.44528
1.42402 5.82418 5.00307
4.54435 2.08994 1.66743
1.80108 0.726697 1.82864
5.05781 3.27592 5.92393
5.37504 3.41929 5.93295
1.32104 0.260282 0.806958
3.14159 1.5708 0.785398
1.37043 5.57738 4.94632
1.80817 0.92581 1.75084
0.240314 4.79302 5.0309
6.04435 1.83973 0.723593
1.17045 1.30093 1.45426
1.00139 5.36822 5.17006
1.32711 6.22545 6.05479
5.30614 4.12439 5.13524
5.94237 3.36803 6.20166
4.1984 1.61452 1.5955
0.152756 5.19037 5.99431
1.6471 0.520015 1.70353
0.857857 5.37599 5.30687
5.72032 4.14754 5.49999
1.26323 6.26844 6.2368
0.143893 5.18365 6.00614
6.01596 2.85821 0.0795623
4.77831 2.92327 1.28158
5.72043 4.24689 5.38488
0.996381 6.14261 6.06793
5.74277 4.2 5.46554
5.6325 3.85112 5.7042
1.55817 6.25174 5.09416
5.92689 4.53108 5.17006
4.40977 1.89822 1.67644
5.46917 3.97408 5.42228
0.598501 5.10831 5.26228
5.07428 4.12219 4.96073
4.89149 3.13038 0.0618692
5.02474 3.05845 0.252554
5.54444 3.74245 5.72513
5.72005 3.22139 6.23274
0.94197 5.77694 5.63186
5.59606 3.74388 5.76958
6.23787 4.68666 5.22862
0.574576 5.06951 5.2352
4.79089 2.86094 1.30441
4.78189 2.85308 1.34042
1.47481 6.21054 5.636
1.30615 6.24195 6.13211
1.53016 6.14523 4.99729
1.51676 6.14489 5.08303
1.25675 5.75917 5.22441
1.47543 6.15973 5.36913
5.89338 2.37357 0.377735
5.96219 1.73795 1.10119
0.227082 4.92438 5.4623
1.14591 0.317623 0.628367
5.9899 2.04324 0.533718
5.9899 2.04324 0.533718
1.52686 6.05315 4.89796
4.82507 2.93423 1.07732
1.51194 0.0779352 0.924378
4.82267 2.93396 1.08686
1.14845 0.142051 0.308107
4.92913 3.1847 6.08976
0.0799762 1.4908 0.785299
1.55453 6.12701 4.81535
1.5537 6.15283 4.8421
1.5537 6.15283 4.8421
4.75802 2.90317 1.38508
4.81459 2.87346 1.21353
0.0966375 1.394 0.49713
1.56834 6.00757 4.72107
4.79089 2.86094 1.30441
1.44069 0.293472 1.1622
5.77702 2.66158 0.280967
1.26947 6.2641 6.22184
5.25028 3.49263 5.73263
1.13487 0.567832 0.94008
0.859564 0.544217 0.612286
1.29442 6.11386 5.74074
1.29778 6.2503 6.16625
4.87111 3.17358 6.08588
4.84627 3.06668 0.508385
4.75802 2.90317 1.38508
5.99944 2.00997 0.55553
6.22204 1.61869 0.906537
0.968105 5.30749 5.14832
0.62894 0.332103 0.245821
1.54095 0.0511351 1.04269
0.194471 0.860534 0.225145
4.97382 2.91153 0.719033
1.50896 0.0769178 0.894036
1.50896 0.0769178 0.894036
1.41513 6.09032 5.38933
0.997843 1.21904 1.3383
1.59157 0.473392 1.61134
5.74846 2.22618 0.656473
5.25994 1.76844 1.44929
0.0343116 4.75111 5.55817
0.410233 5.35871 5.76024
2.84859 1.50399 1.78903
0.266343 5.02019 5.57395
0.409094 5.35717 5.7602
2.08319 1.48553 1.61884
0.379955 5.10963 5.52243
0.288165 5.02515 5.54126
6.22807 1.64391 0.64562
0.92459 1.43168 1.46558
5.93936 4.38152 5.47706
5.65212 2.07215 0.927295
0.220195 4.98977 5.61696
6.10992 3.2864 6.25767
2.68782 1.49012 1.73508
0.361607 5.05029 5.46098
5.20804 3.83355 5.29051
0.447049 5.07759 5.38562
5.39035 4.37533 4.98743
5.88459 2.40615 0.364048
0.0779131 4.73559 5.00126
6.16478 4.62406 5.35234
0.161492 4.86962 5.4842
0.752752 5.09203 5.11506
0.344185 5.01632 5.43122
4.97259 2.28891 1.34224
1.21992 5.3681 4.98685
3.92119 1.73178 1.73363
0.794407 5.33385 5.32534
0.444022 4.99638 5.26274
0.0955367 1.41987 0.562278
5.10198 2.57886 0.993778
1.73062 1.37196 1.60327
4.52818 2.11092 1.68205
5.59064 4.47154 5.00022
3.80523 1.63858 1.65739
0.78196 5.38903 5.39239
0.836939 5.36791 5.31874
6.18278 1.69033 0.697934
3.14159 1.5708 5.67695
4.64627 1.94926 1.59712
0.652135 1.31783 1.24436
1.31299 5.30673 4.88874
5.28467 4.2153 5.04861
0.139179 4.99466 5.83321
6.06364 4.53005 5.40299
4.85276 2.55989 1.35914
0.279574 5.19912 5.78611
0.223921 4.92413 5.46893
6.10172 4.65042 5.03848
0.9968 5.16242 5.01516
1.22956 1.33531 1.48579
5.8545 4.47079 5.20686
6.09121 4.48946 5.57443
6.19048 4.49562 5.88371
0.648878 5.36894 5.50574
1.80109 0.836452 1.77938
0.484047 5.28837 5.60264
0.233726 4.91245 5.41788
0.142169 5.03854 5.88286
0.228497 4.89418 5.38127
0.025291 4.74451 5.6162
2.36667 1.37491 1.77072
5.80869 4.40782 5.2616
6.03531 4.31579 5.7396
1.06562 6.19928 6.13227
6.09591 4.63455 5.10284
6.01025 4.59555 5.10943
0.147137 5.01278 5.83692
0.144536 5.07445 5.91629
0.0147768 4.72903 5.55696
0.330572 4.93254 5.29024
0.010224 4.71823 5.2311
6.15617 4.59699 5.44943
6.24888 4.69297 5.22741
0.0817028 4.91452 5.90305
0.157549 4.86483 5.48105
4.92181 2.73868 1.10822
6.2093 4.60415 5.68515
6.11649 4.67049 4.95658
6.10618 4.642 5.08787
1.49715 1.35423 1.55456
5.80434 4.4644 5.16616
0.0713903 4.77759 5.45237
4.93919 2.63286 1.17846
0.301575 4.9886 5.45139
5.80165 4.55652 5.0045
0.0517462 4.75806 5.43544
5.69303 4.29636 5.29552
0.890265 5.19629 5.11466
5.83361 4.55677 5.02675
0.787744 5.22857 5.22656
6.18926 4.66073 5.21436
5.67114 4.48408 5.03204
6.073 1.62014 1.34332
1.96252 1.19942 1.7303
4.955 2.75158 1.02887
0.418806 5.06829 5.40816
6.25636 4.68955 5.41765
6.14325 4.543 5.59421
0.12121 4.9757 5.85878
0.333059 5.09075 5.56704
0.0186807 4.73087 5.49244
0.630401 4.95791 5.04316
0.10097 4.77307 5.25254
0.582896 5.64557 5.82882
0.48766 1.45425 1.35355
0.994868 1.03885 1.20575
6.20786 1.80189 0.310387
6.21504 1.64032 0.775346
6.09605 1.63849 1.22697
6.2759 4.69795 5.81572
5.96136 4.36051 5.54591
1.46848 5.97219 5.02159
0.415091 1.04733 0.652114
1.12719 5.40292 5.08652
0.0861172 4.76374 5.24936
0.752696 5.28988 5.3202
0.868885 5.09823 5.04323
0.179879 6.00902 6.23209
4.85764 3.0251 0.674741
0.458256 4.92423 5.12355
5.30114 4.2101 5.06393
5.34902 4.09354 5.19703
5.79843 1.95281 0.919143
1.21299 1.08549 1.37611
6.22637 4.65669 5.48789
5.75766 4.24448 5.42917
6.19201 1.61571 1.11391
6.20607 1.63679 0.863177
0.307397 5.06559 5.57228
0.779297 5.18513 5.19009
4.13839 1.66353 1.63086
0.982794 5.51906 5.32019
5.82948 4.58692 4.96551
1.10318 5.14768 4.94304
6.11388 4.15379 6.01621
6.00052 3.9962 5.9611
0.996238 0.962994 1.14763
5.96663 4.60016 5.04376
0.41389 1.54382 1.50944
5.62438 4.28954 5.23891
6.21097 4.64235 5.48243
6.16602 4.56534 5.61172
0.120624 1.50496 1.07261
0.210052 1.33827 0.732984
0.365784 4.81095 4.96503
0.433333 5.02664 5.32479
0.709541 5.18655 5.25107
0.430927 5.04037 5.34955
1.14361 5.5598 5.18836
6.13911 4.57411 5.47699
0.186623 4.86974 5.41122
5.92968 4.51748 5.20365
5.59053 4.18968 5.3193
0.320269 5.04248 5.514
6.21709 4.64433 5.51244
0.572771 1.41142 1.32652
6.08009 4.48397 5.55825
0.00504182 4.71865 5.60541
1.70161 1.50135 1.57995
5.90513 1.94805 0.786579
5.5501 1.76079 1.36039
0.0298804 4.72928 5.2269
3.44687 1.62924 1.75438
3.49439 1.61732 1.69658
4.43915 1.84489 1.64943
0.664046 5.43294 5.5552
0.901157 5.45781 5.34347
0.21941 4.86923 5.32924
5.49371 4.04924 5.37159
5.95008 4.28475 5.63384
5.57119 4.27048 5.21387
0.3478 5.00611 5.40771
0.970044 5.40565 5.22995
3.44483 1.60096 1.66694
1.24132 5.7387 5.22643
0.0363902 4.77713 5.77153
4.96103 2.06311 1.43545
1.03346 1.04887 1.24067
1.57054 0.0222084 1.55946
6.00722 4.5512 5.23361
2.50264 1.47693 1.69684
3.4301 1.61412 1.71583
5.78874 4.47617 5.13232
